": 15821 15767 15513 15332 15276 15044 14926 14918 14512 14354
#: 69
$: 16659
': 16098
(: 16657 16557 16295 16282 16273 15964 15541 15479 15295 14996 14912 14619 14423 14343 14168 14121 152 98
*: 14307 14303 14091 14082 14081 14072 110 81 72
+: 14060 14009 14002
-: 16199 15940 15817 15641 15598 15523 15402 13215 13152 13140 13138 13136 13115 13107 13082 13078 13067 13066 13053 13044 13026 10160 10131 10090 10079 10070 10056 10006 9999 9983 9978 9967 9964 9955 9940 9927 9913 9908 9884 9881 9876 9870 9863 9843 9840 9807 9793 9786 9769 9213 9166 9123 9104 9090 9019 9011 6854 6803 6796 6788 6782 6765 6754 6748 6746 6679 6343 5574 5335 5334 5333 5319 5318 5314 5305 5299 5287 5219 5210 4988 4977 4952 4922 4868 4833 4831 4822 4814 4811 4794 4773 4769 4768 4764 4710 4687 4682 4646 4643 4634 4630 4619 4613 4604 4095 4093 4008 3994 3989 3986 3978 3975 3959 3929 3926 3914 3912 3903 2824 2588 2531 1981 1889 1881 1876 1657 1625 1376 658 646 294
1: 16550 16197 16122 16091 16077 15933 15892 15829 15811 15722 15721 15658 15605 15380 15379 15377 15353 15352 15231 15215 15187 15153 15115 15113 15087 15086 15084 15064 15062 14982 14883 14873 14781 14612 14610 14573 14511 14510 14390 14379 14054 14047 14034 14027 13904 11269 3712 172
2: 16390 16301 15409 14011 153 67 66
3: 16443 16432 15719 15545 3708
4: 16595 16525 16434 15512 14090 14088
5: 16852 16687 16558 16462
6: 16493 15470
8: 16556 16548 14018 171
9: 16531 15951 15634
[: 154 68
_: 13913 13804 13580 13575 12818 10850 7903 7848 7831 6197 5820 4331 4201 4174 2795 2743 2734 2582 2545 2495 2477 2442 2393 2219 2171 2040 1999 1732 1344 1328 1129 1119 606 238
a: 16996 16986 16977 16964 16947 16940 16925 16918 16916 16913 16906 16897 16890 16884 16873 16855 16842 16833 16831 16830 16828 16827 16811 16796 16791 16789 16781 16772 16771 16751 16743 16711 16706 16701 16698 16695 16686 16682 16660 16648 16644 16632 16618 16610 16604 16597 16591 16582 16579 16576 16571 16562 16547 16537 16535 16530 16524 16514 16502 16500 16474 16459 16456 16450 16445 16440 16435 16433 16426 16422 16420 16415 16409 16403 16401 16395 16384 16374 16367 16364 16356 16351 16346 16333 16303 16296 16294 16290 16286 16283 16278 16262 16257 16251 16248 16239 16234 16232 16231 16230 16227 16218 16212 16211 16204 16201 16190 16186 16178 16164 16162 16159 16152 16144 16127 16120 16104 16066 16061 16054 16043 16022 16016 15989 15972 15965 15959 15944 15914 15906 15902 15901 15894 15870 15864 15857 15855 15848 15844 15843 15834 15796 15788 15781 15769 15756 15738 15726 15714 15701 15699 15686 15681 15668 15664 15650 15645 15629 15621 15617 15614 15610 15606 15602 15590 15589 15588 15585 15583 15580 15573 15567 15553 15534 15530 15526 15521 15514 15508 15506 15504 15497 15495 15480 15462 15450 15433 15428 15405 15392 15384 15368 15360 15357 15348 15339 15338 15334 15322 15318 15315 15311 15309 15300 15298 15278 15272 15267 15261 15251 15241 15236 15221 15217 15200 15183 15180 15174 15171 15147 15136 15125 15118 15117 15116 15106 15089 15079 15074 15049 15046 15039 15037 15033 15027 15020 15017 14999 14984 14980 14962 14952 14950 14947 14946 14945 14931 14929 14920 14908 14905 14902 14894 14888 14878 14867 14864 14849 14833 14827 14815 14808 14806 14792 14790 14768 14757 14744 14737 14720 14703 14698 14697 14695 14677 14667 14665 14653 14643 14636 14624 14617 14602 14597 14596 14577 14576 14570 14548 14547 14545 14536 14530 14527 14525 14515 14505 14492 14488 14479 14475 14470 14468 14464 14460 14447 14443 14438 14433 14431 14429 14424 14420 14414 14413 14412 14410 14395 14384 14376 14370 14361 14357 14349 14347 14344 14288 14284 14282 14280 14274 14267 14264 14244 14223 14220 14215 14203 14200 14181 14172 14158 14129 14119 14113 14109 14095 14094 14093 14071 14058 14056 14042 13993 13985 13959 13909 13907 13906 13878 13863 13840 13820 13814 13812 13803 13785 13770 13759 13746 13741 13728 13721 13719 13714 13698 13697 13688 13665 13659 13647 13616 13605 13602 13600 13595 13593 13585 13564 13548 13545 13544 13537 13518 13500 13497 13494 13480 13476 13475 13463 13461 13430 13429 13411 13406 13399 13392 13383 13381 13372 13370 13361 13357 13354 13352 13351 13350 13338 13325 13306 13294 13284 13282 13281 13270 13252 13249 13245 13229 13228 13225 13208 13197 13189 13185 13174 13168 13160 13154 13153 13151 13135 13133 13122 13098 13095 13083 13070 13069 13065 13058 13048 13038 13027 13020 13019 12990 12981 12976 12975 12971 12960 12943 12937 12903 12901 12895 12867 12854 12847 12846 12842 12830 12805 12796 12776 12759 12751 12746 12724 12715 12691 12687 12686 12679 12671 12660 12652 12651 12640 12639 12636 12629 12627 12624 12623 12617 12611 12606 12596 12588 12574 12573 12553 12548 12522 12490 12476 12457 12454 12451 12450 12445 12441 12434 12428 12404 12402 12392 12389 12386 12383 12382 12374 12369 12360 12329 12321 12315 12301 12296 12292 12291 12288 12287 12281 12257 12256 12253 12227 12225 12223 12221 12204 12200 12193 12166 12147 12144 12141 12135 12120 12113 12097 12086 12070 12069 12058 12039 12018 11986 11984 11981 11936 11927 11901 11899 11896 11894 11890 11878 11876 11872 11866 11842 11837 11835 11797 11777 11755 11752 11722 11721 11710 11703 11686 11677 11670 11662 11653 11650 11637 11630 11624 11623 11622 11614 11597 11591 11583 11576 11574 11570 11569 11557 11556 11554 11524 11506 11483 11479 11476 11472 11461 11458 11430 11413 11411 11408 11399 11392 11390 11372 11361 11358 11356 11344 11336 11330 11322 11320 11313 11311 11292 11289 11286 11282 11258 11232 11230 11227 11218 11207 11205 11200 11194 11163 11158 11151 11145 11142 11130 11118 11116 11112 11070 11058 11056 11045 11032 11027 10991 10989 10972 10971 10969 10956 10951 10942 10932 10929 10915 10899 10892 10887 10875 10869 10847 10836 10831 10830 10827 10817 10815 10809 10800 10764 10752 10725 10720 10712 10697 10685 10676 10669 10663 10661 10632 10630 10625 10589 10584 10566 10552 10521 10509 10506 10505 10503 10495 10487 10464 10448 10442 10436 10411 10409 10403 10394 10390 10383 10380 10369 10351 10346 10339 10337 10325 10321 10318 10313 10281 10278 10260 10251 10237 10229 10221 10203 10197 10180 10179 10170 10155 10106 10088 10086 10060 10054 10043 10042 10039 9974 9943 9860 9859 9842 9824 9789 9775 9770 9766 9760 9717 9715 9704 9683 9665 9652 9650 9632 9623 9621 9616 9613 9610 9608 9607 9606 9600 9593 9591 9588 9565 9563 9558 9550 9548 9543 9527 9525 9515 9511 9494 9493 9458 9445 9425 9411 9405 9388 9377 9368 9337 9334 9330 9324 9321 9320 9295 9290 9267 9246 9245 9238 9235 9233 9225 9219 9217 9216 9211 9203 9198 9187 9185 9181 9170 9150 9142 9139 9136 9130 9067 9031 9015 9005 8995 8986 8940 8912 8901 8900 8890 8872 8867 8866 8860 8845 8828 8814 8813 8812 8811 8810 8805 8791 8786 8784 8765 8758 8754 8751 8737 8724 8721 8703 8691 8687 8673 8662 8651 8646 8619 8618 8614 8562 8556 8555 8545 8535 8515 8511 8474 8465 8459 8453 8444 8433 8417 8414 8411 8409 8403 8399 8385 8363 8355 8350 8343 8317 8291 8282 8232 8227 8225 8220 8216 8183 8176 8170 8156 8141 8130 8120 8113 8090 8047 8027 8024 8011 7977 7970 7955 7946 7941 7934 7901 7900 7897 7889 7888 7876 7872 7865 7857 7856 7839 7824 7812 7801 7796 7791 7789 7780 7759 7750 7744 7732 7725 7709 7686 7685 7668 7662 7652 7642 7635 7630 7620 7600 7588 7579 7558 7554 7549 7538 7514 7513 7503 7476 7473 7463 7460 7432 7425 7421 7400 7384 7368 7364 7362 7359 7358 7350 7347 7341 7335 7331 7328 7322 7319 7313 7294 7282 7278 7274 7271 7258 7245 7241 7200 7161 7157 7124 7119 7115 7111 7090 7083 7074 7069 7068 7049 7044 7037 7024 7019 7006 6995 6979 6974 6970 6965 6963 6953 6949 6948 6944 6940 6933 6929 6922 6880 6877 6871 6870 6865 6863 6858 6839 6824 6812 6807 6787 6764 6702 6700 6697 6683 6669 6653 6624 6621 6615 6606 6602 6597 6596 6591 6589 6587 6580 6576 6562 6544 6538 6530 6526 6524 6508 6505 6488 6476 6467 6426 6410 6396 6353 6335 6334 6328 6323 6316 6311 6304 6297 6296 6294 6289 6262 6257 6249 6241 6232 6207 6167 6157 6141 6140 6131 6126 6091 6087 6084 6082 6072 6047 6043 6037 6031 6015 6014 6003 5999 5998 5988 5982 5972 5969 5940 5935 5932 5930 5925 5909 5906 5905 5894 5878 5876 5872 5848 5844 5833 5829 5810 5804 5795 5771 5748 5741 5734 5712 5708 5696 5688 5677 5655 5652 5647 5612 5609 5599 5597 5592 5591 5589 5579 5563 5560 5556 5543 5538 5522 5503 5502 5495 5494 5484 5479 5477 5435 5432 5425 5422 5374 5373 5351 5341 5326 5323 5312 5311 5307 5303 5298 5293 5289 5271 5259 5256 5250 5244 5232 5222 5220 5218 5217 5202 5198 5189 5183 5181 5174 5170 5166 5155 5153 5136 5128 5123 5110 5084 5078 5073 5070 5059 5056 5055 5049 5042 5029 5028 5024 5021 5001 4972 4971 4969 4965 4962 4934 4916 4902 4891 4889 4888 4883 4876 4870 4861 4829 4826 4808 4800 4791 4790 4787 4784 4774 4767 4756 4718 4716 4713 4711 4709 4706 4700 4679 4671 4665 4648 4633 4582 4559 4557 4547 4542 4533 4517 4511 4510 4507 4503 4501 4500 4474 4469 4457 4456 4455 4454 4452 4443 4438 4437 4433 4418 4415 4374 4371 4349 4338 4329 4328 4327 4311 4308 4306 4284 4259 4255 4253 4235 4230 4203 4197 4139 4127 4123 4120 4111 4094 4083 4080 4070 4062 4024 4022 4019 4006 4002 3996 3983 3971 3955 3954 3952 3947 3941 3938 3910 3900 3884 3861 3856 3850 3849 3847 3842 3821 3820 3811 3800 3794 3773 3762 3754 3748 3745 3742 3740 3711 3705 3702 3698 3693 3692 3689 3665 3652 3623 3613 3607 3603 3595 3591 3560 3559 3538 3525 3514 3506 3491 3484 3479 3476 3460 3451 3441 3436 3430 3387 3383 3375 3368 3349 3340 3323 3318 3313 3310 3291 3286 3267 3253 3252 3249 3246 3236 3232 3209 3192 3173 3164 3149 3143 3131 3123 3086 3072 3060 3058 3053 3041 3005 2996 2992 2979 2977 2972 2946 2905 2903 2890 2887 2879 2872 2858 2834 2822 2814 2805 2789 2772 2768 2761 2746 2738 2731 2725 2721 2690 2685 2682 2677 2656 2650 2647 2645 2631 2599 2589 2585 2577 2541 2536 2514 2505 2500 2490 2481 2461 2460 2451 2447 2441 2412 2401 2390 2353 2352 2344 2338 2318 2312 2293 2284 2278 2267 2245 2234 2223 2203 2201 2145 2140 2124 2110 2105 2074 2071 2063 2053 2046 2016 2009 2008 1985 1977 1954 1950 1935 1933 1930 1918 1913 1904 1892 1882 1862 1854 1845 1829 1795 1779 1771 1768 1759 1756 1744 1739 1720 1711 1709 1703 1693 1692 1680 1653 1642 1623 1587 1583 1572 1554 1551 1545 1531 1512 1504 1501 1497 1494 1477 1464 1445 1440 1431 1421 1413 1407 1393 1389 1372 1366 1365 1361 1351 1331 1330 1311 1298 1292 1289 1284 1268 1249 1236 1235 1234 1220 1218 1210 1201 1180 1174 1171 1167 1145 1113 1084 1079 1057 1041 1038 1034 996 990 970 954 946 937 930 919 915 884 852 850 847 842 834 833 827 819 812 806 800 797 789 779 777 772 756 752 715 712 711 688 686 682 661 652 650 644 640 626 597 573 571 569 560 544 539 531 527 510 499 452 447 433 429 415 357 342 330 328 306 288 282 270 268 263 257 254 237 231 211 204 197 179 173 159 145 136 131 106 96 90 86 62 58 53 35 25 23 20 19 18 10
b: 16880 16792 16645 16637 16587 16569 16543 16532 16510 16479 16338 16323 16176 16166 16110 15970 15909 15884 15880 15808 15806 15770 15763 15720 15694 15542 15533 15492 15467 15447 15242 15149 15128 15121 15111 15015 14844 14834 14758 14724 14691 14611 14574 14540 14539 14538 14533 14521 14483 14482 14481 14432 14391 14337 14316 14278 14226 14143 14131 14130 14111 14106 14101 14086 14067 13969 13957 13793 13771 13725 13596 13529 13502 13393 13289 13261 13255 13169 13165 13104 13054 13000 12929 12814 12575 12562 12486 12293 12286 11957 11821 11770 11736 11729 11601 11525 11484 11466 11414 11224 11190 11159 11103 11069 10925 10918 10769 10608 10533 10502 10317 10243 10178 10089 10051 9880 9776 9728 9663 9568 9257 9247 9016 8948 8885 8853 8696 8669 8569 8566 8454 8389 8352 8327 7854 7691 7674 7377 7290 7219 7175 7130 7086 6956 6801 6583 6543 6457 6360 6322 6302 6251 6155 6125 6053 5984 5977 5814 5600 5573 5529 5507 5488 5430 5112 5067 5054 4860 4840 4834 4823 4689 4588 4585 4367 4322 4315 3774 3772 3736 3659 3405 3382 3330 3296 3102 2594 2548 2528 2527 2472 2469 2438 2249 2238 2165 2047 2002 1900 1880 1799 1729 1717 1699 1686 1649 1607 1567 1537 1449 1295 1277 1246 1186 1168 1150 1127 1051 999 912 882 859 856 493 486 481 108 107 88 83 6
c: 16938 16926 16917 16908 16879 16871 16844 16843 16839 16824 16817 16798 16794 16755 16750 16741 16732 16730 16702 16693 16683 16681 16676 16674 16636 16621 16611 16589 16583 16568 16566 16560 16554 16494 16464 16428 16398 16388 16380 16368 16335 16328 16299 16270 16250 16220 16139 16130 16059 16039 16018 15957 15917 15886 15863 15805 15801 15800 15797 15782 15777 15766 15748 15744 15734 15729 15711 15663 15643 15619 15593 15574 15493 15431 15423 15388 15383 15374 15365 15356 15323 15316 15310 15301 15265 15243 15234 15190 15173 15144 15123 15109 15102 15055 15030 15016 15014 15010 14998 14958 14949 14935 14906 14868 14861 14859 14841 14836 14825 14820 14812 14809 14805 14801 14796 14783 14778 14751 14749 14731 14706 14688 14683 14676 14642 14629 14626 14625 14582 14563 14553 14465 14448 14441 14359 14301 14268 14250 14246 14243 14230 14214 14202 14184 14171 14170 14161 14145 14079 14065 14007 14001 13992 13988 13974 13931 13927 13897 13895 13881 13827 13808 13773 13768 13743 13680 13676 13650 13629 13623 13620 13583 13574 13570 13559 13535 13517 13510 13503 13490 13488 13479 13474 13466 13458 13382 13379 13340 13330 13326 13280 13259 13226 13221 13198 13170 13157 13127 13126 13111 13050 13047 13043 13037 13030 13005 12980 12974 12941 12934 12905 12899 12880 12865 12852 12844 12843 12839 12815 12794 12773 12767 12754 12743 12741 12716 12713 12697 12695 12693 12653 12649 12615 12613 12603 12586 12582 12577 12571 12566 12537 12536 12528 12524 12523 12511 12500 12491 12474 12414 12411 12401 12368 12367 12359 12355 12354 12336 12326 12318 12317 12302 12290 12272 12265 12263 12237 12234 12202 12201 12192 12186 12179 12153 12145 12143 12137 12136 12090 12077 12054 12014 12006 11988 11982 11966 11961 11947 11938 11937 11897 11881 11873 11868 11865 11834 11817 11808 11804 11783 11760 11753 11750 11747 11745 11742 11719 11718 11707 11671 11668 11663 11649 11626 11621 11618 11598 11545 11526 11478 11457 11451 11447 11441 11427 11406 11364 11359 11343 11341 11323 11321 11298 11262 11242 11229 11220 11214 11188 11177 11174 11169 11153 11144 11143 11125 11092 11081 11076 11071 11067 11050 11021 11019 11003 10980 10978 10975 10960 10945 10913 10910 10908 10898 10895 10888 10865 10861 10812 10787 10773 10763 10762 10713 10700 10693 10692 10688 10678 10650 10636 10635 10634 10626 10623 10615 10587 10556 10554 10537 10525 10515 10497 10468 10440 10410 10388 10386 10381 10360 10343 10333 10307 10284 10242 10231 10227 10217 10213 10201 10200 10196 10195 10188 10186 10182 10171 10159 10134 10125 10080 10069 10062 10055 10053 10046 10032 10013 9998 9954 9941 9939 9933 9924 9909 9907 9872 9869 9862 9858 9845 9837 9834 9820 9806 9792 9785 9782 9773 9764 9741 9734 9731 9670 9666 9659 9651 9640 9637 9635 9622 9614 9582 9575 9561 9522 9520 9505 9502 9495 9488 9487 9485 9474 9462 9451 9447 9435 9430 9426 9416 9402 9387 9380 9365 9364 9356 9328 9325 9280 9279 9271 9269 9234 9230 9202 9180 9175 9131 9129 9127 9110 9103 9095 9092 9082 9064 9055 9046 9008 8993 8985 8982 8973 8968 8962 8909 8906 8888 8854 8852 8827 8816 8808 8778 8775 8768 8755 8716 8713 8710 8684 8681 8677 8671 8667 8637 8633 8625 8620 8584 8575 8544 8531 8523 8499 8484 8455 8440 8423 8418 8405 8380 8375 8369 8364 8341 8332 8308 8259 8247 8246 8217 8213 8208 8207 8191 8173 8142 8134 8109 8092 8079 8036 8022 8008 8006 8001 7984 7959 7906 7899 7898 7877 7823 7817 7813 7805 7788 7739 7721 7651 7619 7606 7593 7587 7552 7543 7531 7521 7448 7446 7426 7415 7397 7388 7383 7381 7379 7378 7357 7354 7338 7309 7281 7276 7262 7253 7246 7242 7232 7226 7217 7201 7163 7118 7105 7087 7055 7046 7041 7028 6982 6918 6916 6884 6883 6846 6823 6781 6772 6759 6756 6714 6676 6672 6664 6660 6629 6625 6622 6620 6608 6574 6571 6552 6547 6536 6502 6437 6420 6408 6371 6356 6327 6314 6287 6286 6258 6204 6198 6187 6179 6137 6132 6098 6085 6081 6061 6024 6023 6012 6001 5993 5986 5943 5936 5921 5908 5907 5901 5895 5881 5871 5866 5851 5831 5794 5793 5788 5764 5754 5749 5739 5729 5714 5710 5679 5648 5644 5640 5633 5622 5615 5571 5561 5548 5525 5516 5498 5486 5441 5421 5414 5406 5392 5347 5330 5286 5277 5266 5239 5230 5199 5180 5167 5161 5157 5138 5129 5118 5117 5106 5104 5090 5068 5066 5031 5008 4991 4909 4900 4890 4879 4842 4835 4830 4824 4805 4802 4798 4763 4745 4736 4728 4719 4703 4694 4693 4649 4640 4637 4620 4616 4603 4602 4598 4589 4571 4543 4522 4519 4508 4459 4426 4400 4381 4343 4323 4272 4224 4218 4195 4194 4178 4171 4166 4161 4160 4148 4134 4104 4097 4085 4079 4072 4039 4038 4021 4011 4007 3995 3945 3928 3923 3916 3911 3873 3870 3839 3815 3802 3798 3786 3763 3703 3701 3651 3642 3626 3611 3598 3597 3586 3583 3570 3569 3564 3558 3549 3546 3544 3540 3524 3511 3464 3461 3455 3449 3419 3416 3401 3374 3369 3366 3365 3345 3336 3334 3329 3314 3272 3255 3244 3235 3222 3212 3208 3202 3190 3179 3163 3162 3151 3134 3115 3106 3103 3084 3056 3036 3014 3013 2994 2993 2980 2976 2974 2963 2947 2941 2929 2918 2891 2880 2876 2833 2819 2815 2801 2799 2792 2776 2773 2763 2762 2747 2745 2724 2722 2720 2692 2686 2652 2640 2623 2620 2610 2604 2596 2549 2540 2523 2506 2501 2499 2491 2489 2467 2464 2462 2427 2422 2420 2409 2371 2368 2356 2348 2332 2321 2311 2300 2270 2259 2243 2242 2221 2173 2133 2125 2090 2086 2076 2026 2020 2013 1983 1959 1940 1925 1921 1885 1825 1803 1753 1728 1718 1677 1654 1652 1631 1619 1615 1582 1550 1541 1511 1508 1505 1496 1493 1486 1466 1456 1450 1441 1390 1385 1356 1307 1285 1259 1255 1250 1229 1222 1190 1179 1166 1139 1111 1099 1061 1024 989 971 960 957 953 934 931 889 835 824 822 808 785 760 744 737 733 704 653 649 638 632 624 616 614 602 600 582 538 500 488 480 460 457 441 438 410 406 399 394 386 371 369 359 347 341 337 336 324 318 316 296 281 246 236 183 178 160 155 149 137 128 79 56 31 22 4
d: 16971 16932 16920 16891 16847 16845 16829 16825 16802 16788 16786 16776 16774 16752 16737 16735 16721 16718 16684 16656 16639 16631 16619 16608 16598 16592 16585 16565 16527 16504 16427 16347 16316 16297 16288 16274 16268 16258 16240 16172 16145 16142 16128 16125 16065 16062 16010 15952 15945 15943 15932 15921 15915 15903 15862 15856 15847 15826 15816 15814 15803 15792 15791 15789 15778 15749 15741 15733 15678 15667 15653 15635 15628 15622 15584 15572 15551 15546 15515 15474 15471 15452 15415 15395 15367 15363 15354 15264 15237 15208 15193 15191 15188 15158 15154 15107 15018 14995 14991 14937 14932 14842 14839 14837 14835 14797 14689 14686 14684 14674 14660 14647 14583 14554 14477 14446 14427 14340 14333 14318 14291 14286 14270 14241 14204 14173 14150 14132 14116 14070 13990 13977 13967 13932 13924 13920 13915 13908 13905 13901 13896 13874 13858 13855 13850 13822 13817 13811 13809 13806 13795 13789 13781 13780 13778 13772 13751 13742 13731 13718 13711 13710 13706 13702 13694 13686 13683 13677 13672 13636 13624 13619 13618 13612 13597 13569 13563 13556 13542 13530 13521 13489 13473 13459 13457 13453 13451 13447 13445 13440 13438 13437 13431 13425 13420 13415 13401 13395 13389 13380 13378 13375 13373 13368 13345 13305 13301 13299 13287 13267 13242 13240 13238 13231 13227 13205 13194 13191 13166 13143 13141 13137 13124 13086 13057 13032 13028 13011 12983 12979 12963 12957 12938 12933 12922 12908 12887 12881 12873 12864 12858 12838 12823 12819 12817 12806 12798 12791 12790 12785 12779 12770 12744 12737 12735 12729 12723 12704 12681 12678 12676 12674 12663 12647 12630 12625 12621 12600 12599 12591 12563 12557 12555 12551 12550 12541 12540 12530 12520 12514 12508 12506 12452 12446 12438 12435 12429 12426 12419 12408 12397 12378 12376 12346 12343 12341 12328 12320 12311 12294 12269 12241 12236 12229 12216 12208 12205 12171 12149 12125 12108 12107 12105 12104 12085 12078 12072 12061 12050 12016 12004 11999 11995 11987 11976 11974 11968 11963 11955 11949 11942 11940 11934 11932 11929 11923 11916 11906 11895 11885 11883 11854 11853 11849 11840 11802 11798 11787 11775 11769 11763 11746 11739 11728 11680 11679 11673 11666 11655 11644 11639 11625 11602 11600 11599 11592 11589 11586 11579 11562 11546 11527 11521 11512 11505 11497 11494 11493 11481 11448 11439 11436 11432 11419 11415 11405 11398 11386 11383 11379 11374 11369 11355 11319 11294 11284 11277 11274 11244 11239 11234 11233 11225 11203 11184 11164 11157 11155 11154 11140 11138 11136 11120 11119 11106 11102 11098 11095 11085 11083 11075 11062 11049 11046 11040 11037 11030 11009 11001 10996 10992 10965 10963 10958 10953 10947 10938 10934 10923 10921 10916 10909 10894 10883 10870 10864 10860 10849 10841 10837 10829 10801 10795 10793 10786 10782 10778 10775 10768 10761 10754 10753 10737 10730 10719 10709 10706 10704 10699 10691 10679 10653 10646 10642 10639 10622 10611 10602 10590 10586 10583 10580 10576 10574 10564 10560 10549 10547 10540 10535 10531 10528 10522 10508 10485 10481 10478 10461 10458 10455 10446 10439 10438 10433 10429 10424 10422 10399 10395 10389 10375 10358 10354 10352 10344 10340 10336 10326 10322 10308 10303 10300 10298 10297 10296 10293 10280 10279 10267 10263 10245 10240 10233 10215 10212 10210 10208 10199 10190 10187 10173 10167 10163 10150 10146 10141 10129 10121 10119 10117 10116 10110 10097 10096 10095 10094 10092 10084 10083 10074 10049 10045 10016 10015 10011 10009 10002 9986 9980 9970 9968 9962 9951 9937 9932 9929 9919 9918 9906 9896 9890 9885 9854 9849 9838 9832 9829 9817 9778 9768 9724 9722 9702 9696 9688 9677 9675 9671 9655 9641 9636 9628 9611 9601 9596 9587 9576 9567 9551 9544 9539 9535 9532 9526 9510 9506 9500 9499 9496 9491 9472 9456 9455 9452 9450 9443 9433 9427 9419 9409 9406 9400 9391 9390 9361 9357 9344 9317 9314 9303 9300 9294 9293 9291 9285 9283 9276 9241 9210 9205 9200 9196 9183 9179 9173 9164 9161 9152 9117 9116 9093 9086 9078 9076 9074 9073 9069 9062 9050 9049 9044 9037 9026 9017 9009 9003 9001 8992 8974 8955 8954 8951 8947 8916 8905 8902 8899 8894 8887 8876 8864 8861 8847 8846 8842 8840 8831 8821 8817 8806 8803 8798 8793 8782 8781 8779 8774 8771 8762 8760 8756 8753 8747 8738 8734 8726 8709 8689 8685 8683 8670 8660 8657 8652 8647 8629 8626 8622 8609 8602 8591 8565 8558 8554 8551 8547 8537 8534 8514 8509 8506 8500 8498 8496 8495 8489 8486 8480 8461 8460 8456 8438 8427 8420 8407 8397 8370 8348 8337 8325 8323 8302 8294 8284 8283 8275 8272 8271 8264 8242 8195 8192 8186 8184 8175 8174 8167 8166 8165 8138 8132 8131 8128 8118 8115 8089 8081 8080 8077 8062 8049 8048 8042 8041 8039 8038 8034 8033 8030 8016 8013 8005 8004 7993 7992 7991 7978 7975 7972 7952 7937 7932 7929 7928 7915 7902 7887 7875 7861 7858 7853 7851 7841 7833 7822 7809 7808 7806 7803 7802 7794 7784 7783 7778 7767 7760 7749 7742 7740 7730 7715 7714 7710 7704 7681 7663 7655 7627 7617 7615 7597 7590 7583 7573 7569 7545 7539 7523 7512 7508 7495 7478 7472 7462 7455 7452 7427 7416 7411 7403 7382 7376 7370 7355 7353 7343 7326 7316 7310 7306 7303 7267 7264 7261 7260 7257 7240 7239 7234 7221 7212 7197 7149 7144 7141 7121 7102 7092 7080 7077 7076 7072 7065 7062 7057 7056 7050 7036 7016 7009 6990 6971 6961 6958 6954 6950 6947 6945 6942 6939 6938 6911 6904 6901 6895 6892 6873 6867 6855 6844 6835 6829 6800 6790 6762 6760 6690 6680 6671 6668 6661 6654 6649 6648 6638 6626 6600 6585 6582 6559 6548 6542 6540 6527 6518 6506 6484 6453 6452 6435 6434 6424 6388 6384 6299 6295 6291 6285 6279 6274 6259 6253 6250 6246 6244 6237 6223 6221 6217 6215 6211 6200 6173 6148 6147 6134 6113 6109 6094 6077 6075 6073 6068 6063 6060 6058 6055 6040 6008 5997 5989 5979 5974 5965 5955 5947 5945 5942 5904 5890 5888 5882 5870 5868 5852 5843 5839 5821 5818 5808 5797 5790 5781 5773 5768 5750 5740 5736 5733 5730 5709 5707 5699 5684 5662 5659 5637 5632 5625 5623 5620 5610 5604 5601 5581 5575 5555 5545 5544 5541 5533 5526 5524 5520 5511 5509 5506 5496 5485 5482 5473 5453 5440 5420 5419 5402 5397 5389 5383 5381 5378 5353 5321 5291 5265 5260 5257 5246 5243 5233 5215 5207 5204 5192 5171 5158 5151 5146 5145 5133 5130 5122 5119 5115 5107 5098 5081 5077 5076 5064 5063 5062 5026 5023 5000 4989 4980 4973 4964 4942 4939 4931 4912 4887 4873 4858 4857 4854 4850 4836 4819 4806 4803 4759 4757 4752 4744 4737 4712 4708 4678 4641 4636 4628 4627 4611 4609 4599 4597 4591 4586 4551 4549 4545 4538 4535 4513 4496 4476 4471 4466 4461 4458 4450 4446 4445 4439 4421 4401 4396 4394 4392 4390 4382 4380 4379 4377 4355 4350 4345 4317 4313 4294 4289 4281 4277 4270 4249 4248 4245 4215 4212 4199 4184 4175 4173 4170 4168 4165 4156 4154 4117 4113 4103 4082 4075 4053 4048 4047 4043 4035 4032 4030 4020 4017 3998 3993 3981 3972 3964 3949 3944 3924 3922 3919 3917 3906 3875 3862 3853 3846 3845 3829 3826 3809 3793 3789 3776 3768 3759 3756 3752 3750 3735 3726 3715 3707 3706 3697 3687 3682 3681 3678 3671 3667 3657 3645 3640 3635 3624 3619 3616 3615 3612 3609 3599 3593 3590 3585 3581 3572 3567 3566 3563 3535 3517 3497 3494 3490 3487 3482 3480 3478 3468 3459 3457 3444 3439 3433 3427 3426 3410 3409 3408 3400 3390 3385 3377 3376 3373 3342 3337 3324 3320 3317 3309 3305 3303 3301 3293 3289 3288 3283 3275 3274 3264 3247 3229 3211 3197 3180 3165 3157 3145 3094 3089 3088 3087 3075 3071 3054 3044 3032 3010 3002 3000 2983 2978 2970 2966 2959 2955 2954 2950 2935 2931 2914 2907 2892 2877 2874 2873 2856 2851 2848 2843 2832 2813 2807 2802 2791 2784 2764 2757 2739 2733 2713 2704 2700 2695 2671 2668 2665 2661 2648 2643 2630 2621 2617 2590 2571 2570 2568 2565 2564 2559 2546 2516 2492 2466 2463 2458 2431 2425 2423 2419 2417 2408 2383 2379 2369 2364 2355 2341 2334 2302 2299 2292 2291 2283 2271 2254 2230 2227 2220 2209 2186 2177 2174 2170 2166 2137 2136 2096 2093 2088 2082 2065 2048 2038 2029 2023 2021 2012 2004 2000 1992 1988 1979 1978 1966 1963 1943 1916 1879 1875 1857 1853 1847 1830 1809 1808 1804 1792 1786 1782 1777 1772 1769 1755 1749 1741 1727 1713 1691 1688 1685 1678 1675 1674 1660 1650 1639 1628 1621 1620 1598 1593 1591 1581 1563 1562 1559 1533 1529 1522 1513 1506 1500 1492 1487 1481 1467 1463 1459 1435 1433 1424 1420 1412 1408 1405 1404 1401 1396 1386 1383 1379 1352 1350 1345 1343 1338 1337 1310 1293 1274 1267 1264 1263 1251 1244 1214 1207 1197 1187 1184 1182 1176 1172 1164 1162 1159 1157 1151 1149 1147 1144 1142 1140 1138 1136 1128 1120 1118 1115 1108 1105 1094 1082 1074 1069 1067 1060 1036 1032 1031 1023 1017 1002 993 988 980 976 973 969 956 944 923 916 914 896 893 892 883 872 853 846 843 829 809 801 794 782 776 775 762 759 717 707 701 692 687 668 664 659 642 641 637 627 619 605 589 568 564 554 522 511 503 490 473 470 458 446 442 439 430 425 422 411 401 398 395 388 381 378 368 352 349 346 343 340 310 303 292 279 273 255 250 247 241 229 210 203 201 196 195 174 169 165 158 147 142 135 130 129 123 115 113 111 109 93 65 64 61 9
e: 16998 16992 16985 16943 16936 16912 16905 16894 16876 16858 16703 16666 16653 16650 16590 16559 16536 16508 16486 16477 16463 16425 16375 16341 16337 16318 16252 16244 16224 16214 16135 16106 16078 16050 16033 16029 16013 16004 16000 15974 15948 15922 15887 15865 15851 15818 15810 15780 15754 15751 15730 15728 15727 15671 15625 15543 15473 15398 15314 15304 15204 15197 15093 15056 14988 14977 14939 14750 14722 14633 14606 14587 14561 14559 14531 14498 14473 14452 14401 14388 14335 14300 14292 14261 14256 14249 14233 14207 14152 14141 14134 14078 14073 14061 14000 13999 13998 13994 13991 13972 13963 13961 13955 13951 13928 13919 13902 13898 13893 13889 13866 13857 13852 13842 13794 13787 13776 13767 13765 13763 13756 13752 13744 13737 13735 13717 13696 13692 13689 13681 13674 13670 13664 13642 13633 13627 13617 13615 13592 13586 13571 13566 13549 13536 13533 13513 13512 13506 13499 13495 13491 13468 13465 13427 13422 13419 13404 13371 13365 13364 13356 13341 13323 13320 13313 13304 13288 13279 13277 13274 13271 13258 13257 13251 13241 13235 13224 13220 13219 13218 13207 13196 13171 13162 13156 13145 13130 13112 13088 13084 13080 13075 13046 13029 13018 13014 13003 13001 12999 12978 12977 12968 12948 12942 12939 12928 12924 12921 12915 12906 12894 12893 12886 12885 12866 12849 12848 12840 12824 12813 12811 12803 12793 12788 12781 12762 12756 12755 12753 12736 12731 12728 12720 12698 12661 12654 12648 12637 12635 12628 12618 12609 12607 12595 12587 12580 12579 12576 12567 12561 12559 12549 12533 12531 12521 12518 12516 12503 12499 12475 12463 12455 12436 12424 12420 12416 12385 12363 12357 12356 12331 12319 12299 12271 12268 12258 12243 12238 12230 12224 12197 12191 12168 12156 12152 12146 12138 12129 12122 12118 12096 12091 12083 12063 12057 12047 12034 12027 12025 12021 12020 12007 11993 11990 11980 11971 11945 11939 11925 11922 11913 11910 11907 11903 11898 11892 11879 11871 11864 11863 11861 11852 11851 11846 11819 11816 11789 11774 11762 11754 11749 11741 11734 11727 11714 11708 11697 11693 11678 11654 11645 11627 11619 11603 11567 11565 11560 11559 11558 11547 11542 11540 11528 11510 11507 11498 11495 11470 11464 11455 11452 11424 11422 11416 11403 11395 11394 11382 11371 11366 11360 11357 11352 11339 11327 11317 11314 11308 11299 11290 11280 11270 11268 11236 11221 11208 11178 11156 11148 11127 11099 11091 11089 11077 11065 11054 11048 11029 11024 11016 11008 10998 10993 10990 10983 10949 10944 10940 10930 10926 10904 10891 10879 10853 10843 10832 10822 10806 10799 10798 10797 10777 10771 10760 10742 10729 10727 10716 10711 10696 10689 10687 10683 10651 10631 10627 10618 10616 10609 10600 10594 10592 10585 10578 10568 10557 10550 10543 10542 10524 10514 10510 10484 10483 10480 10471 10441 10435 10426 10419 10401 10397 10392 10382 10374 10348 10338 10329 10320 10305 10302 10301 10273 10220 10218 10202 10193 10189 10181 10156 10148 10140 10137 10136 10126 10124 10081 10066 10052 10033 10025 10012 9996 9982 9977 9966 9923 9917 9905 9901 9893 9855 9853 9852 9848 9836 9835 9819 9816 9799 9788 9777 9767 9751 9748 9742 9736 9727 9711 9697 9690 9684 9681 9667 9662 9630 9625 9615 9603 9599 9598 9574 9572 9571 9569 9557 9553 9546 9541 9529 9521 9519 9486 9484 9469 9460 9448 9441 9424 9418 9403 9393 9386 9381 9371 9367 9355 9329 9322 9319 9311 9299 9298 9287 9286 9273 9272 9270 9262 9253 9250 9248 9243 9227 9223 9220 9209 9199 9190 9186 9171 9158 9154 9132 9121 9115 9102 9097 9094 9091 9080 9060 9048 9042 9029 9025 9021 9018 9006 8997 8994 8989 8981 8980 8970 8969 8967 8965 8958 8944 8942 8939 8924 8923 8918 8915 8904 8896 8880 8871 8863 8850 8849 8836 8820 8787 8776 8739 8728 8723 8712 8697 8688 8675 8672 8665 8658 8624 8606 8599 8594 8548 8543 8540 8539 8536 8527 8508 8485 8476 8445 8439 8425 8424 8422 8412 8401 8400 8390 8387 8383 8376 8367 8360 8346 8340 8326 8312 8310 8293 8280 8269 8266 8263 8260 8258 8248 8223 8218 8201 8199 8180 8177 8164 8154 8149 8136 8133 8111 8104 8100 8097 8095 8091 8082 8066 8065 8053 8044 8043 8023 8019 8018 7986 7985 7981 7967 7951 7940 7939 7926 7925 7921 7912 7895 7866 7859 7849 7846 7844 7832 7821 7818 7787 7786 7781 7770 7726 7708 7702 7689 7673 7669 7667 7666 7660 7659 7658 7650 7640 7639 7638 7603 7577 7562 7556 7547 7505 7504 7501 7489 7484 7483 7475 7469 7461 7459 7451 7436 7409 7408 7405 7398 7394 7390 7349 7339 7333 7332 7329 7321 7305 7277 7273 7259 7251 7236 7235 7233 7231 7227 7222 7216 7209 7208 7203 7196 7193 7189 7178 7167 7154 7129 7127 7126 7117 7109 7104 7098 7097 7088 7079 7071 7064 7053 7048 7045 7033 7029 7027 6994 6992 6987 6986 6981 6973 6969 6957 6934 6932 6931 6925 6919 6900 6899 6894 6876 6864 6861 6836 6816 6806 6798 6797 6786 6783 6763 6755 6743 6739 6737 6734 6726 6699 6677 6674 6665 6645 6630 6619 6604 6601 6599 6593 6578 6573 6566 6561 6560 6558 6557 6532 6520 6512 6511 6495 6486 6482 6464 6463 6462 6461 6460 6456 6446 6438 6419 6414 6406 6394 6392 6389 6387 6377 6369 6368 6347 6346 6345 6344 6336 6331 6317 6303 6290 6284 6281 6239 6220 6216 6199 6194 6183 6181 6168 6153 6150 6136 6130 6120 6115 6110 6101 6099 6090 6066 6062 6042 6035 6021 6017 6004 5994 5992 5981 5971 5970 5967 5963 5960 5957 5952 5951 5949 5944 5924 5923 5912 5902 5898 5896 5875 5863 5861 5835 5832 5817 5811 5802 5800 5798 5789 5785 5779 5777 5766 5762 5747 5742 5725 5719 5717 5703 5698 5692 5689 5686 5670 5669 5661 5656 5646 5645 5626 5624 5606 5595 5585 5578 5565 5562 5553 5549 5547 5546 5539 5521 5508 5476 5470 5446 5444 5442 5437 5429 5426 5417 5416 5405 5399 5395 5391 5386 5372 5367 5362 5357 5355 5346 5337 5327 5325 5304 5295 5292 5281 5279 5274 5263 5241 5227 5214 5208 5205 5200 5197 5187 5179 5168 5160 5152 5144 5137 5121 5109 5101 5087 5083 5074 5057 5052 5041 5017 5011 4999 4992 4990 4979 4959 4958 4957 4955 4947 4943 4941 4927 4919 4918 4914 4898 4895 4880 4877 4866 4843 4837 4820 4816 4754 4749 4743 4732 4724 4723 4715 4697 4685 4683 4667 4666 4612 4587 4573 4570 4554 4553 4539 4528 4515 4512 4509 4497 4492 4491 4464 4441 4434 4424 4423 4412 4410 4404 4388 4373 4368 4363 4357 4352 4351 4348 4344 4341 4319 4266 4263 4256 4254 4252 4251 4243 4240 4236 4227 4223 4214 4207 4196 4189 4183 4169 4144 4143 4142 4130 4124 4115 4100 4099 4088 4087 4084 4078 4073 4069 4054 4037 4034 4028 4027 4026 4013 4003 3987 3957 3951 3946 3934 3927 3905 3897 3890 3889 3880 3877 3872 3867 3865 3864 3840 3834 3825 3823 3805 3783 3765 3747 3741 3733 3731 3728 3724 3721 3717 3710 3696 3686 3685 3674 3637 3622 3618 3592 3584 3574 3568 3565 3554 3542 3539 3527 3522 3520 3518 3515 3507 3502 3489 3466 3440 3435 3429 3424 3418 3417 3402 3396 3381 3364 3347 3341 3335 3333 3331 3328 3312 3299 3273 3266 3263 3259 3240 3230 3228 3227 3226 3203 3199 3194 3169 3159 3152 3148 3144 3140 3138 3135 3130 3124 3120 3118 3114 3111 3105 3085 3083 3070 3068 3059 3057 3055 3047 3046 3037 3030 3009 2997 2988 2982 2973 2949 2945 2943 2936 2930 2924 2920 2909 2896 2875 2863 2853 2821 2820 2817 2812 2794 2787 2778 2770 2766 2755 2748 2729 2710 2708 2707 2697 2694 2693 2681 2663 2660 2655 2638 2636 2626 2624 2611 2606 2601 2595 2592 2591 2575 2566 2561 2558 2555 2554 2535 2534 2533 2529 2525 2524 2521 2515 2513 2507 2457 2453 2452 2449 2444 2443 2437 2429 2428 2403 2399 2394 2392 2388 2362 2358 2357 2346 2339 2329 2323 2304 2301 2295 2280 2265 2260 2239 2224 2222 2198 2196 2194 2187 2176 2168 2153 2131 2123 2120 2098 2091 2085 2083 2078 2077 2075 2070 2062 2056 2052 2051 2027 2025 2024 2022 2018 2007 1996 1984 1964 1960 1956 1952 1946 1944 1939 1937 1927 1919 1915 1912 1909 1897 1870 1850 1846 1836 1828 1822 1815 1812 1802 1793 1787 1784 1778 1766 1762 1752 1751 1746 1736 1733 1724 1721 1708 1698 1687 1684 1664 1662 1658 1641 1637 1608 1585 1569 1568 1558 1548 1539 1535 1534 1517 1507 1484 1462 1455 1448 1442 1430 1414 1411 1409 1388 1387 1358 1357 1348 1324 1323 1303 1294 1291 1290 1288 1269 1260 1257 1253 1245 1242 1237 1233 1232 1211 1208 1199 1183 1161 1146 1143 1130 1124 1092 1077 1075 1072 1063 1049 1045 1043 1028 1012 1004 998 992 982 964 952 933 928 921 918 910 906 902 899 897 888 885 864 860 857 838 818 817 811 805 804 802 799 796 795 792 784 780 765 761 739 736 731 703 699 695 694 672 665 639 621 601 592 584 581 579 565 561 558 541 535 528 519 516 498 456 451 449 432 431 427 424 419 414 382 373 367 327 321 317 313 300 299 290 266 262 249 244 243 239 230 224 189 163 162 148 144 127 116 114 112 78 50 12 2
f: 16978 16957 16909 16886 16885 16881 16823 16804 16775 16756 16742 16708 16672 16643 16638 16605 16581 16573 16570 16529 16519 16512 16507 16501 16488 16485 16457 16451 16437 16421 16410 16406 16405 16396 16385 16383 16357 16348 16321 16315 16265 16261 16255 16247 16217 16207 16149 16119 16118 16088 16079 16074 16071 15982 15968 15913 15897 15876 15868 15861 15835 15819 15716 15713 15700 15693 15683 15665 15652 15651 15613 15607 15559 15527 15522 15505 15472 15463 15436 15416 15407 15387 15386 15359 15358 15344 15340 15337 15302 15281 15273 15256 15249 15224 15212 15172 15167 15162 15146 15135 15081 15068 15028 14992 14941 14897 14885 14855 14769 14765 14738 14725 14719 14682 14620 14618 14601 14600 14591 14566 14549 14507 14504 14494 14462 14461 14373 14366 14332 14309 14305 14262 14245 14231 14189 14167 14148 14125 14122 14108 14102 14099 14096 14084 14051 14049 14015 14013 13984 13978 13956 13934 13918 13854 13836 13816 13774 13685 13673 13628 13626 13614 13611 13552 13483 13462 13412 13410 13353 13342 13337 13296 13285 13272 13250 13243 13206 13179 13087 13079 13077 13073 13063 13012 13004 12972 12955 12897 12782 12766 12730 12712 12699 12675 12666 12644 12487 12471 12423 12412 12390 12380 12372 12298 12275 12267 12255 12246 12176 12172 12131 12100 12071 12001 11972 11921 11912 11870 11832 11818 11790 11776 11735 11725 11688 11647 11608 11577 11548 11535 11488 11475 11468 11449 11431 11396 11373 11334 11328 11316 11264 11256 11252 11237 11181 11093 11026 11006 10982 10943 10931 10905 10886 10859 10808 10804 10718 10652 10621 10605 10579 10575 10518 10507 10504 10501 10492 10486 10479 10453 10328 10319 10289 10130 10027 10020 10008 9972 9959 9915 9891 9865 9756 9725 9701 9693 9676 9674 9653 9617 9602 9554 9518 9503 9498 9475 9439 9414 9410 9369 9348 9301 9284 9277 9251 9229 9168 9138 9030 8991 8971 8938 8874 8807 8785 8588 8546 8538 8419 8410 8391 8339 8298 8224 8151 8124 8067 8015 7997 7969 7919 7881 7867 7769 7748 7728 7675 7665 7647 7645 7612 7551 7542 7507 7486 7464 7402 7373 7346 7296 7293 7286 7269 7256 7229 7190 7150 7145 7113 7100 7052 7000 6980 6967 6962 6941 6889 6831 6805 6750 6551 6355 6321 6300 6282 6278 6263 6231 6228 6224 6156 6133 6054 6051 6018 5946 5941 5934 5897 5860 5834 5826 5718 5673 5664 5660 5642 5618 5587 5583 5568 5558 5542 5540 5513 5492 5469 5451 5412 5396 5394 5316 5196 5182 5175 5140 5114 5089 5080 5025 5019 4997 4940 4921 4871 4851 4818 4817 4673 4658 4593 4574 4346 4339 4320 4303 4258 4216 4190 4179 4133 4132 4110 4101 4074 3974 3963 3908 3806 3732 3648 3605 3528 3523 3486 3472 3442 3363 3348 3298 3270 3241 3214 3183 3167 3136 3117 3110 3108 3107 3050 3025 3021 2961 2910 2864 2842 2830 2808 2732 2716 2705 2679 2627 2608 2597 2586 2579 2470 2454 2439 2418 2404 2337 2315 2298 2282 2272 2256 2251 2200 1991 1949 1942 1908 1903 1895 1865 1824 1814 1785 1761 1743 1723 1668 1592 1499 1495 1468 1461 1417 1416 1382 1312 1305 1272 1271 1240 1238 1209 1206 1135 1096 1046 1001 986 963 955 949 903 900 898 855 845 828 771 767 764 735 734 729 726 724 723 702 630 611 593 591 572 548 537 512 502 475 471 416 407 385 363 344 339 312 307 151 141 133 126 120 102 99 85 14
g: 16975 16966 16904 16893 16870 16857 16853 16820 16790 16607 16602 16593 16586 16498 16475 16454 16448 16418 16411 16408 16393 16386 16379 16373 16372 16310 16308 16292 16280 16243 16223 16041 15925 15850 15841 15832 15753 15747 15724 15709 15697 15674 15670 15656 15596 15561 15519 15502 15460 15445 15421 15412 15397 15370 15346 15292 15269 15229 15186 15164 15133 15092 15077 15045 14987 14972 14960 14927 14919 14910 14899 14882 14852 14793 14771 14742 14728 14715 14702 14632 14615 14605 14586 14558 14513 14472 14451 14400 14387 14380 14368 14355 14327 14311 14283 14218 14213 14206 14192 14127 14077 14064 13873 13810 13460 13407 13358 13248 13237 13182 13120 13008 12871 12772 12690 12410 12251 12084 11996 11946 11926 11924 11824 11473 11254 11210 11166 10920 10871 10852 9975 9947 9900 9892 9578 9562 9483 9471 9215 9177 8949 8557 8379 8087 8072 8002 7589 7366 7279 7211 7140 6614 6310 6214 6175 6116 6065 5786 5499 5466 5354 5229 5225 5127 4865 4470 4164 4060 3770 3767 3753 3370 3302 3177 3174 2866 2642 2576 2288 1878 1219 1181 1078 1048 609 467 132 104 77 45 33 1
h: 16995 16987 16981 16979 16968 16952 16888 16863 16760 16726 16429 16423 16343 16246 16205 15873 15703 15449 15448 15257 15255 15145 15124 15103 15011 14876 14708 14598 14407 14120 14104 13910 13886 13884 13877 13841 13738 13657 13516 13377 13059 13025 12965 12875 12739 12662 12554 12418 12370 12330 12312 12307 12170 12158 12148 12052 12038 12036 12033 11918 11887 11839 11811 11701 11588 11517 11370 11348 11312 11228 11217 11182 11152 11015 10935 10933 10858 10789 10734 10655 10643 10577 10523 10428 10299 10264 10204 10175 10024 9887 9750 9713 9709 9657 9363 9289 9278 9264 9109 9079 9028 9023 9013 9004 8920 8882 8763 8761 8748 8644 8577 8564 8517 8408 8378 8309 8268 8253 8194 8028 7790 7738 7367 7170 7168 7133 6917 6912 6773 6710 6667 6605 6474 6399 6208 6189 5978 5973 5887 5849 5837 5755 5590 5517 5491 5344 5251 5135 5036 4995 4963 4722 4608 4531 4529 4391 4362 4356 3915 3882 3874 3838 3713 3654 3614 3562 3557 3360 3352 3276 3269 3181 3023 2226 2185 2127 1923 1789 1707 1663 1543 1519 1472 1426 1395 1279 1163 1039 753 657 552 322 314 305 295 260 221 216 200 193 188 177 97
i: 16967 16963 16962 16937 16929 16928 16921 16854 16838 16832 16787 16777 16722 16699 16685 16673 16670 16662 16651 16640 16626 16623 16596 16584 16567 16545 16542 16533 16522 16492 16490 16481 16458 16444 16438 16389 16350 16336 16329 16320 16311 16302 16260 16253 16226 16203 16198 16182 16167 16150 16143 16131 16109 16108 16094 16089 16068 16060 16056 16051 16035 16024 16019 15983 15969 15955 15946 15941 15923 15920 15916 15890 15866 15827 15787 15785 15775 15774 15743 15732 15717 15691 15684 15659 15627 15623 15620 15601 15579 15539 15510 15437 15350 15342 15330 15329 15283 15271 15258 15250 15240 15220 15213 15120 15095 15090 15088 15082 15031 15021 15004 15003 15001 14990 14985 14983 14974 14965 14961 14959 14940 14930 14928 14893 14866 14826 14813 14807 14803 14776 14767 14762 14730 14669 14661 14657 14656 14654 14652 14648 14644 14640 14638 14627 14589 14526 14518 14514 14508 14457 14454 14425 14421 14404 14348 14294 14254 14239 14228 14219 14190 14175 14174 14162 14126 14103 13987 13980 13922 13882 13860 13829 13799 13705 13671 13667 13467 13433 13423 13355 13344 13239 13230 13209 13176 13142 13109 13102 13074 12829 12771 12718 12714 12708 12597 12592 12519 12456 12362 12349 12119 12117 12112 12089 12028 11969 11889 11862 11847 11825 11801 11711 11695 11631 11613 11609 11500 11471 11465 11445 11435 11402 11397 11391 11354 11301 11297 11283 11150 11134 11094 11059 11012 10995 10863 10828 10823 10785 10731 10703 10686 10671 10665 10582 10571 10559 10539 10425 10412 10406 10402 10365 10356 10315 10304 10283 10198 10169 10161 10135 10133 9988 9956 9871 9804 9802 9794 9772 9730 9583 9528 9517 9480 9382 9360 9342 9333 9316 9310 9244 9178 9057 8959 8935 8837 8825 8802 8788 8708 8661 8613 8605 8520 8466 8457 8451 8349 8318 8251 8153 8070 8059 8056 7966 7964 7891 7863 7826 7751 7720 7699 7622 7598 7555 7546 7487 7480 7391 7218 7182 7177 7134 7091 7013 6978 6930 6910 6842 6841 6814 6725 6693 6686 6647 6521 6494 6398 6382 6333 6313 6269 6266 6264 6247 6225 6184 6046 6045 6041 6039 6016 5892 5846 5827 5772 5691 5668 5666 5649 5616 5532 5460 5434 5404 5380 5370 5248 5226 5190 5178 5097 5079 5027 4998 4987 4813 4778 4771 4739 4635 4576 4301 4232 4229 4158 4141 4112 4109 4092 4023 3976 3968 3940 3936 3930 3902 3868 3782 3769 3575 3541 3500 3481 3453 3362 3219 3207 3171 3027 2987 2967 2923 2916 2847 2785 2780 2735 2689 2673 2657 2614 2551 2510 2503 2473 2459 2450 2407 2398 2333 2319 2232 2215 2135 2106 2087 2066 2059 1971 1968 1910 1888 1705 1702 1574 1523 1515 1447 1434 1399 1375 1316 1258 1225 1137 1059 1013 1005 927 876 825 820 807 798 721 691 674 662 578 543 540 428 358 329 311 277 248 228 175 103 47 38 34 32 13
j: 14068 12927 12859 12786 12093 12074 11914 11606 11342 11307 10936 10628 10536 10035 9957 9208 9147 8145 8122 7995 7581 7494 7356 7289 7135 7128 6533 6442 6022 5594 5032 4905 4751 4655 4650 4552 4472 4467 4198 4102 4086 3967 3935 3895 3863 3412 3403 2363 2217 1638 1597 1087 1042 461 372 166 157 59 7
k: 16935 16767 16712 16105 14759 14739
l: 16976 16898 16874 16810 16723 16679 16633 16603 16561 16553 16546 16541 16523 16517 16513 16499 16468 16455 16449 16419 16413 16394 16354 16254 16249 16180 16174 16155 16147 16137 16112 16081 16052 16020 15934 15910 15879 15867 15858 15833 15812 15772 15698 15562 15520 15503 15481 15461 15347 15230 15218 15165 15134 15129 14973 14900 14889 14822 14802 14791 14784 14772 14696 14668 14616 14578 14419 14369 14312 14306 14299 14199 14044 14039 13995 13989 13971 13917 13888 13740 13716 13679 13632 13587 13582 13568 13525 13452 13298 13223 13159 13147 13132 13010 12994 12961 12952 12882 12868 12856 12828 12761 12752 12725 12702 12608 12358 12289 12285 12277 12240 12219 12213 12182 12162 12056 11962 11944 11933 11857 11841 11792 11733 11716 11676 11605 11578 11496 11426 11345 11293 11266 11265 11192 11057 10970 10885 10848 10811 10783 10698 10544 10520 10467 10417 10363 10266 10225 10085 10029 9995 9984 9963 9953 9831 9812 9805 9648 9638 9549 9417 9206 9039 9033 8856 8752 8725 8706 8680 8653 8628 8488 8473 8396 8382 8274 8157 8064 7753 7676 7608 7602 7575 7520 7511 7479 7477 7413 7410 7407 7369 7265 7255 7187 7185 7073 7070 7042 6975 6972 6921 6914 6893 6888 6872 6857 6845 6827 6825 6761 6736 6719 6663 6639 6632 6595 6570 6489 6445 6348 6261 6230 6210 6074 5954 5893 5889 5862 5792 5769 5767 5735 5658 5631 5619 5567 5475 5463 5456 5448 5423 5349 5345 5339 5108 5091 5003 4856 4845 4727 4657 4651 4642 4534 4330 4304 4121 4091 3953 3808 3661 3625 3552 3532 3465 3438 3431 3332 3284 3223 3067 3062 2985 2951 2904 2895 2857 2846 2806 2796 2756 2737 2730 2696 2637 2635 2603 2544 2509 2424 2414 2290 2150 2132 2044 2005 1998 1859 1840 1811 1656 1603 1521 1491 1478 1392 1381 1195 1071 1021 849 844 786 769 706 555 466 389 384 345 334 251 181 146 143 70 46
m: 16970 16954 16944 16861 16826 16795 16762 16710 16707 16704 16664 16654 16641 16624 16526 16473 16414 16332 16305 16284 16171 16169 16116 16064 16038 16012 15996 15993 15991 15963 15795 15765 15762 15758 15702 15688 15611 15582 15564 15531 15494 15466 15426 15382 15341 15319 15312 15297 15244 15233 15108 15054 14957 14901 14856 14804 14716 14556 14519 14490 14440 14328 14285 14279 14277 14258 14224 14153 14128 14110 14080 14069 14066 14024 14021 13986 13968 13962 13954 13946 13933 13925 13903 13899 13885 13879 13871 13870 13845 13839 13821 13815 13805 13802 13792 13766 13757 13747 13732 13715 13708 13704 13701 13678 13654 13648 13641 13631 13576 13523 13514 13435 13426 13409 13386 13374 13347 13335 13334 13321 13302 13293 13283 13275 13264 13211 13201 13175 13158 13134 13125 13119 13118 13110 13096 13091 13081 13076 13068 13041 13024 13021 13017 12997 12995 12993 12986 12973 12966 12947 12911 12896 12870 12833 12810 12804 12792 12787 12778 12775 12764 12760 12749 12727 12711 12667 12646 12641 12631 12620 12616 12605 12593 12584 12578 12569 12543 12539 12529 12498 12493 12485 12473 12464 12433 12422 12417 12407 12400 12396 12394 12365 12361 12348 12339 12333 12325 12313 12295 12279 12261 12260 12194 12190 12185 12184 12178 12174 12151 12123 12116 12101 12095 12081 12073 12066 12060 12059 12045 12035 12023 12012 12002 11967 11954 11909 11860 11843 11836 11831 11828 11768 11759 11744 11705 11675 11665 11636 11617 11612 11610 11580 11573 11544 11509 11491 11462 11450 11443 11440 11423 11420 11412 11404 11401 11388 11362 11340 11306 11295 11288 11243 11222 11213 11204 11131 11129 11113 11111 11101 11088 11084 11074 11044 11033 11017 11000 10987 10974 10946 10939 10897 10882 10873 10868 10854 10842 10839 10826 10819 10792 10784 10779 10774 10770 10767 10758 10748 10747 10728 10708 10707 10705 10682 10677 10667 10664 10660 10617 10614 10598 10591 10569 10563 10541 10532 10526 10477 10470 10460 10415 10408 10372 10371 10368 10361 10331 10294 10282 10277 10271 10269 10261 10259 10248 10235 10192 10168 10162 10154 10145 10143 10128 10108 10105 10099 10093 10087 10078 10059 10048 10031 10018 10004 9992 9991 9950 9942 9926 9914 9903 9889 9868 9866 9841 9833 9827 9821 9790 9781 9762 9753 9738 9735 9729 9726 9718 9706 9700 9698 9643 9594 9586 9552 9538 9501 9473 9453 9428 9421 9412 9383 9376 9372 9338 9332 9265 9240 9236 9231 9204 9184 9160 9153 9146 9111 9099 9065 9045 9035 9020 8999 8988 8984 8964 8960 8952 8941 8937 8934 8929 8865 8862 8858 8844 8780 8732 8727 8722 8718 8715 8679 8639 8631 8587 8578 8572 8541 8532 8526 8502 8490 8487 8481 8458 8446 8436 8429 8402 8395 8392 8388 8377 8374 8372 8353 8316 8311 8301 8288 8273 8243 8234 8230 8226 8222 8215 8212 8206 8203 8198 8187 8171 8163 8148 8129 8127 8119 8114 8110 8096 8094 8088 8085 8058 8057 8035 8026 7994 7962 7958 7956 7953 7947 7943 7933 7924 7911 7908 7894 7893 7886 7880 7864 7862 7842 7834 7810 7807 7804 7800 7792 7771 7754 7743 7737 7724 7680 7654 7649 7644 7634 7624 7623 7621 7614 7611 7595 7585 7580 7576 7527 7519 7516 7510 7498 7496 7458 7454 7453 7438 7429 7422 7418 7399 7393 7387 7360 7330 7312 7311 7300 7288 7243 7220 7207 7199 7198 7172 7155 7151 7147 7146 7142 7122 7107 7103 7099 7089 7085 7061 7051 7047 7043 7034 7030 7025 7021 6999 6977 6959 6955 6951 6946 6926 6898 6887 6875 6874 6840 6837 6822 6819 6817 6804 6802 6799 6771 6749 6747 6732 6731 6721 6704 6689 6681 6662 6658 6657 6655 6644 6643 6628 6627 6612 6603 6592 6588 6581 6554 6553 6531 6528 6523 6517 6498 6485 6479 6468 6454 6449 6440 6436 6425 6380 6379 6363 6354 6351 6342 6339 6332 6325 6324 6312 6308 6307 6293 6280 6271 6260 6243 6213 6209 6201 6193 6182 6166 6149 6146 6145 6144 6129 6119 6104 6088 6080 6076 6069 6057 6044 6038 6032 6030 6013 6011 6010 6009 6007 5996 5987 5983 5975 5968 5964 5933 5929 5926 5910 5903 5879 5873 5859 5845 5830 5823 5780 5765 5731 5705 5695 5687 5681 5678 5614 5593 5564 5550 5471 5433 5431 5403 5388 5379 5364 5360 5359 5352 5320 5317 5315 5313 5310 5300 5290 5273 5258 5213 5209 5185 5176 5164 5113 5099 5082 5069 5051 5044 5035 5010 4981 4936 4933 4923 4907 4901 4886 4884 4875 4869 4859 4812 4809 4804 4785 4766 4762 4758 4753 4730 4721 4714 4705 4696 4688 4686 4680 4675 4672 4660 4647 4632 4622 4615 4579 4530 4527 4524 4518 4478 4473 4451 4431 4419 4405 4384 4354 4342 4340 4334 4324 4316 4307 4302 4288 4279 4268 4265 4247 4242 4231 4226 4217 4211 4181 4152 4136 4071 4059 4055 4040 4005 4001 3988 3979 3977 3950 3907 3899 3894 3891 3887 3860 3858 3854 3848 3830 3824 3803 3791 3787 3777 3760 3751 3749 3746 3723 3695 3664 3630 3608 3606 3602 3589 3580 3579 3571 3561 3556 3551 3548 3537 3536 3529 3513 3509 3503 3492 3485 3477 3463 3452 3428 3413 3384 3380 3359 3356 3353 3308 3297 3292 3282 3250 3243 3239 3237 3221 3210 3206 3201 3191 3189 3186 3175 3146 3129 3112 3100 3064 3061 3042 3035 3028 3018 3007 3004 3003 3001 2965 2953 2937 2932 2902 2898 2888 2862 2855 2849 2829 2823 2804 2783 2723 2703 2701 2683 2659 2612 2607 2602 2583 2578 2573 2563 2556 2553 2542 2532 2522 2517 2502 2498 2456 2426 2413 2410 2406 2387 2378 2360 2286 2279 2277 2268 2255 2252 2248 2246 2237 2204 2182 2175 2161 2147 2143 2141 2113 2109 2104 2102 2089 2081 2080 2073 2064 2049 2032 2017 2014 1982 1970 1951 1948 1945 1902 1899 1843 1832 1831 1823 1819 1801 1790 1774 1773 1754 1740 1700 1697 1695 1669 1666 1659 1640 1629 1624 1622 1614 1606 1599 1580 1566 1564 1552 1547 1510 1470 1453 1446 1432 1406 1380 1370 1362 1353 1342 1339 1332 1329 1302 1296 1276 1266 1262 1202 1175 1173 1148 1107 1104 1098 1089 1085 1070 1064 1035 1022 1008 991 979 975 947 938 929 909 905 881 877 863 830 816 814 810 793 778 766 745 743 740 713 709 708 689 684 678 676 669 663 651 625 598 577 574 570 566 563 557 547 533 526 524 514 507 497 495 485 469 463 455 448 445 436 404 377 366 348 333 323 319 297 286 272 256 245 232 227 223 218 194 186 184 168 161 156 134 105 87 80 60 57 30 8 5
n: 16997 16993 16984 16934 16933 16927 16899 16834 16769 16761 16753 16727 16719 16696 16628 16588 16549 16540 16491 16460 16366 16334 16192 16126 16111 16100 15926 15908 15877 15874 15771 15552 15537 15355 15299 15246 15189 15155 15000 14997 14953 14948 14857 14743 14675 14635 14478 14428 14263 14242 14225 14155 14087 14023 14020 13983 13975 13973 13960 13945 13935 13929 13890 13835 13830 13813 13786 13754 13750 13727 13669 13668 13655 13653 13645 13644 13609 13606 13578 13565 13562 13558 13547 13519 13507 13493 13487 13486 13470 13456 13454 13441 13432 13396 13390 13388 13369 13366 13362 13348 13343 13322 13316 13234 13210 13188 13183 13167 13092 13089 13072 12953 12926 12916 12907 12904 12888 12832 12808 12799 12789 12783 12721 12705 12700 12688 12672 12656 12619 12604 12602 12583 12538 12504 12497 12492 12482 12458 12439 12425 12395 12306 12276 12233 12222 12195 12157 12121 12094 12030 12022 11994 11992 11985 11960 11917 11902 11826 11785 11779 11758 11756 11748 11730 11717 11702 11696 11660 11651 11632 11611 11571 11555 11552 11543 11536 11518 11514 11503 11425 11375 11368 11279 11276 11263 11260 11259 11251 11247 11231 11201 11170 11165 11124 11100 11087 11082 11063 11051 11014 11007 10973 10954 10914 10880 10877 10857 10856 10845 10844 10835 10810 10788 10780 10766 10744 10736 10695 10645 10640 10624 10620 10562 10561 10519 10512 10465 10444 10437 10418 10400 10345 10334 10309 10306 10276 10258 10206 10157 10127 10123 10114 10102 10044 10014 10007 10000 9979 9961 9938 9935 9925 9922 9904 9883 9867 9864 9851 9850 9830 9826 9825 9811 9809 9783 9761 9699 9682 9626 9605 9589 9577 9545 9497 9420 9394 9374 9336 9268 9255 9221 9156 9143 9070 9051 9024 8990 8983 8972 8963 8930 8927 8925 8881 8875 8873 8848 8833 8832 8826 8824 8800 8792 8766 8749 8742 8719 8519 8516 8513 8501 8472 8464 8347 8320 8277 8261 8238 8197 8160 8108 8106 8060 8054 8014 7979 7974 7957 7949 7936 7927 7913 7910 7907 7904 7892 7883 7847 7830 7816 7797 7779 7756 7682 7656 7637 7628 7604 7596 7594 7584 7566 7536 7518 7470 7465 7450 7414 7386 7371 7361 7324 7292 7266 7159 7137 7081 7067 7060 7058 7039 7017 7007 6915 6866 6820 6815 6811 6809 6780 6768 6753 6752 6751 6718 6712 6706 6698 6687 6685 6642 6634 6550 6522 6513 6509 6499 6465 6448 6447 6439 6433 6390 6386 6375 6349 6273 6256 6254 6238 6174 6172 6165 6154 6151 6142 6107 6056 5990 5920 5885 5867 5865 5815 5787 5763 5756 5732 5724 5722 5697 5675 5665 5654 5638 5635 5602 5515 5512 5487 5468 5454 5329 5306 5272 5268 5249 5240 5093 5060 5047 5009 4937 4926 4925 4904 4892 4801 4782 4776 4720 4707 4691 4668 4663 4644 4631 4625 4623 4614 4569 4562 4526 4502 4493 4485 4477 4447 4428 4397 4378 4375 4262 4210 4202 4185 4182 4145 4067 4036 4031 4025 3991 3982 3958 3920 3886 3881 3879 3851 3797 3775 3729 3725 3709 3660 3634 3632 3629 3530 3516 3508 3467 3462 3446 3434 3406 3391 3389 3355 3325 3268 3215 3200 3158 3079 3077 3043 3012 3006 2969 2958 2952 2928 2917 2883 2881 2878 2870 2837 2826 2818 2749 2719 2664 2615 2496 2455 2434 2377 2359 2314 2297 2289 2273 2263 2253 2216 2199 2188 2167 2164 2159 2156 2116 2069 2006 1997 1973 1961 1934 1926 1898 1894 1891 1886 1877 1852 1842 1834 1821 1818 1788 1763 1738 1735 1734 1696 1671 1613 1605 1590 1549 1498 1490 1475 1443 1422 1398 1397 1394 1341 1297 1286 1273 1134 1132 1125 1123 1044 1026 1018 935 901 886 869 865 861 813 783 774 768 757 697 660 647 623 613 513 508 484 444 434 421 420 309 284 252 235 222 190 140 118 26 21
o: 16991 16983 16948 16914 16907 16900 16896 16875 16872 16867 16866 16840 16836 16835 16813 16805 16801 16784 16768 16740 16736 16731 16689 16652 16649 16629 16625 16622 16577 16544 16521 16487 16472 16469 16465 16353 16344 16342 16339 16331 16330 16327 16317 16306 16287 16285 16277 16275 16272 16269 16263 16259 16241 16221 16215 16213 16210 16188 16185 16183 16173 16156 16146 16141 16138 16136 16133 16129 16117 16115 16107 16103 16101 16085 16083 16072 16053 16045 16032 16021 16003 15988 15961 15953 15938 15936 15930 15927 15919 15900 15885 15883 15881 15845 15838 15837 15824 15822 15815 15804 15799 15794 15793 15790 15784 15783 15776 15759 15736 15706 15705 15689 15677 15675 15673 15666 15654 15648 15646 15638 15636 15616 15609 15594 15592 15587 15575 15571 15557 15547 15529 15475 15442 15441 15438 15419 15410 15408 15394 15390 15389 15378 15366 15336 15335 15331 15326 15321 15320 15317 15313 15303 15290 15288 15285 15280 15279 15274 15266 15263 15254 15247 15226 15219 15202 15199 15194 15181 15179 15176 15170 15159 15157 15150 15142 15100 15085 15071 15066 15065 15060 15050 15048 15035 15029 15008 14979 14978 14969 14963 14944 14936 14921 14914 14907 14892 14891 14869 14863 14850 14848 14845 14840 14831 14823 14816 14811 14785 14780 14755 14735 14717 14705 14692 14687 14630 14623 14621 14594 14579 14568 14543 14524 14523 14520 14497 14491 14486 14467 14466 14463 14449 14445 14436 14417 14397 14393 14382 14375 14374 14364 14345 14339 14334 14329 14319 14269 14247 14197 14194 14157 14156 14140 14139 14115 14097 14089 14074 14062 14037 14005 13997 13976 13944 13853 13851 13844 13790 13753 13749 13733 13726 13720 13661 13639 13635 13630 13621 13560 13546 13534 13484 13469 13448 13418 13329 13314 13310 13236 13222 13163 13064 13023 13009 13006 12988 12984 12964 12958 12945 12944 12936 12931 12917 12912 12910 12878 12863 12857 12850 12763 12733 12703 12680 12665 12525 12495 12477 12448 12442 12405 12393 12377 12375 12364 12351 12350 12334 12332 12327 12309 12303 12283 12273 12270 12259 12247 12217 12214 12206 12199 12198 12163 12161 12160 12155 12154 12110 12065 11997 11991 11978 11973 11958 11943 11931 11920 11919 11904 11877 11848 11810 11805 11800 11771 11743 11674 11656 11652 11642 11634 11628 11590 11587 11561 11550 11549 11537 11533 11530 11516 11499 11485 11477 11444 11378 11367 11363 11350 11347 11302 11272 11240 11223 11219 11215 11196 11195 11175 11149 11078 11060 11053 11047 11043 11041 11035 11005 11004 11002 10976 10961 10955 10927 10917 10911 10896 10878 10867 10866 10816 10746 10738 10733 10694 10690 10659 10641 10601 10572 10565 10555 10548 10529 10517 10516 10500 10496 10474 10472 10469 10459 10450 10449 10431 10405 10404 10385 10342 10330 10314 10288 10270 10244 10222 10214 10185 10164 10152 10151 10113 10112 10104 10072 10050 10010 9997 9969 9958 9948 9897 9873 9856 9801 9796 9737 9732 9720 9719 9716 9712 9708 9705 9703 9686 9673 9672 9669 9661 9660 9644 9634 9619 9604 9597 9564 9560 9556 9555 9508 9504 9489 9470 9464 9431 9404 9399 9373 9353 9327 9309 9306 9305 9297 9288 9266 9232 9218 9194 9141 9135 9133 9128 9118 9113 9108 9084 9059 9041 9040 9022 9007 8996 8977 8976 8945 8936 8910 8870 8857 8843 8796 8790 8777 8769 8764 8740 8736 8714 8682 8659 8638 8635 8630 8617 8590 8583 8582 8573 8563 8559 8549 8518 8512 8507 8493 8492 8482 8471 8470 8467 8398 8394 8393 8365 8336 8335 8330 8315 8300 8290 8262 8221 8211 8178 8172 8093 8086 8075 8025 8010 8009 7998 7990 7935 7917 7878 7855 7819 7815 7814 7811 7776 7729 7705 7671 7653 7648 7625 7618 7610 7607 7571 7557 7497 7481 7471 7466 7457 7395 7351 7334 7272 7263 7206 7164 7139 7093 7014 6988 6984 6952 6935 6907 6906 6902 6897 6886 6881 6862 6849 6834 6830 6789 6758 6757 6744 6741 6735 6729 6728 6720 6709 6688 6675 6594 6525 6515 6507 6497 6493 6473 6455 6451 6450 6431 6401 6366 6338 6301 6277 6242 6206 6205 6185 6135 6118 6096 6083 6033 6029 6028 6025 5995 5961 5937 5928 5856 5850 5836 5822 5819 5783 5728 5704 5653 5650 5576 5570 5569 5536 5523 5490 5480 5474 5467 5461 5443 5438 5410 5385 5348 5343 5285 5282 5237 5234 5163 5132 5085 5050 5048 5038 5034 4953 4945 4935 4932 4928 4881 4878 4852 4839 4789 4747 4702 4664 4661 4595 4592 4581 4577 4556 4523 4505 4481 4427 4414 4389 4372 4359 4335 4332 4326 4292 4274 4267 4264 4241 4222 4177 4157 4138 4107 4096 4063 4058 4050 4049 4010 4000 3960 3939 3937 3918 3898 3844 3828 3822 3814 3784 3766 3714 3643 3628 3610 3601 3578 3555 3547 3504 3495 3454 3420 3404 3378 3372 3358 3350 3346 3338 3322 3306 3304 3287 3261 3234 3225 3220 3218 3188 3176 3132 3128 3097 3065 3040 3029 3019 3015 2998 2940 2911 2893 2844 2840 2827 2800 2798 2786 2759 2758 2753 2752 2715 2699 2698 2641 2628 2543 2538 2487 2486 2479 2468 2448 2445 2400 2381 2347 2331 2328 2320 2281 2275 2258 2250 2241 2236 2210 2207 2195 2163 2134 2118 2108 2103 2067 2031 1990 1974 1957 1947 1884 1873 1868 1861 1851 1816 1781 1775 1670 1633 1576 1527 1503 1444 1437 1423 1419 1384 1371 1367 1355 1340 1321 1318 1317 1313 1309 1308 1217 1205 1193 1177 1158 1155 1153 1121 1117 1093 1083 1033 1010 1007 1000 983 977 922 907 895 837 815 788 747 732 680 673 645 634 620 595 556 550 492 487 476 462 459 454 412 403 400 393 374 370 365 360 353 338 332 326 325 315 302 289 287 259 226 225 217 215 209 208 170 139 138 92 74 52 51 42 36 17 3
p: 16982 16974 16965 16955 16945 16942 16941 16919 16911 16903 16892 16889 16869 16860 16856 16848 16841 16822 16819 16816 16770 16744 16705 16661 16630 16616 16606 16601 16578 16520 16509 16497 16461 16453 16447 16439 16417 16407 16404 16400 16392 16378 16371 16360 16349 16309 16307 16291 16279 16242 16238 16237 16222 16219 16196 16187 16175 16121 16095 16090 16076 16034 16031 16015 16006 16002 15990 15977 15967 15929 15918 15891 15889 15849 15846 15840 15831 15828 15786 15752 15746 15740 15739 15723 15708 15696 15690 15669 15655 15612 15604 15600 15595 15581 15578 15560 15532 15525 15518 15501 15490 15486 15484 15478 15468 15465 15459 15456 15444 15420 15413 15404 15400 15396 15391 15376 15369 15364 15351 15345 15308 15291 15287 15268 15260 15253 15248 15228 15214 15207 15201 15192 15185 15175 15163 15141 15138 15132 15112 15099 15096 15091 15083 15076 15067 15061 15043 15036 15026 15007 15005 14994 14986 14971 14933 14925 14917 14909 14903 14898 14881 14851 14838 14787 14770 14741 14727 14718 14714 14701 14685 14680 14659 14646 14631 14622 14614 14609 14604 14599 14585 14572 14557 14534 14509 14502 14496 14471 14459 14456 14450 14422 14399 14396 14386 14367 14353 14330 14326 14324 14313 14310 14290 14287 14281 14273 14265 14238 14217 14212 14210 14205 14196 14183 14180 14151 14149 14138 14124 14117 14105 14076 14063 13979 13958 13952 13947 13938 13936 13912 13900 13883 13880 13875 13868 13864 13861 13856 13848 13847 13843 13834 13826 13818 13807 13801 13788 13783 13775 13764 13762 13758 13755 13723 13722 13690 13656 13651 13649 13634 13601 13594 13589 13555 13541 13539 13511 13505 13482 13481 13471 13464 13442 13436 13413 13400 13385 13359 13349 13333 13331 13318 13291 13290 13266 13263 13246 13244 13232 13214 13202 13190 13172 13164 13155 13128 13123 13106 13055 13051 13042 13035 13016 12987 12970 12956 12925 12920 12900 12862 12861 12831 12812 12801 12768 12745 12734 12726 12717 12701 12677 12668 12659 12657 12655 12645 12633 12572 12552 12547 12546 12535 12534 12515 12509 12488 12481 12479 12472 12460 12431 12391 12381 12373 12342 12338 12322 12314 12304 12278 12228 12210 12207 12203 12196 12188 12183 12167 12165 12133 12132 12128 12114 12111 12103 12099 12068 12067 12049 12042 12037 12029 12024 12003 12000 11998 11989 11975 11959 11893 11888 11884 11850 11845 11833 11829 11815 11796 11786 11764 11751 11732 11713 11709 11704 11698 11689 11684 11681 11672 11664 11661 11658 11641 11640 11638 11635 11594 11581 11551 11541 11539 11523 11519 11508 11486 11480 11456 11453 11442 11438 11429 11418 11407 11385 11351 11325 11318 11305 11275 11273 11255 11250 11248 11216 11186 11185 11171 11162 11161 11139 11126 11123 11114 11110 11108 11105 11064 11061 11034 11028 11025 11023 11020 10999 10994 10977 10962 10959 10928 10924 10912 10900 10890 10855 10851 10833 10821 10818 10813 10807 10781 10759 10757 10750 10724 10714 10681 10673 10657 10648 10637 10604 10599 10593 10545 10530 10513 10499 10491 10489 10476 10462 10420 10373 10367 10364 10355 10335 10332 10327 10324 10316 10292 10285 10272 10262 10253 10249 10239 10238 10236 10232 10216 10207 10115 10076 10067 10061 10047 10030 10026 10023 10022 10005 9994 9990 9989 9985 9965 9960 9952 9944 9920 9916 9912 9899 9878 9823 9814 9813 9808 9795 9774 9771 9765 9759 9755 9745 9710 9707 9692 9691 9689 9654 9649 9631 9612 9609 9595 9584 9581 9573 9570 9566 9530 9524 9513 9509 9482 9468 9465 9461 9432 9423 9422 9408 9384 9358 9354 9351 9339 9315 9307 9302 9282 9275 9260 9259 9256 9207 9195 9188 9176 9172 9165 9137 9126 9119 9105 9100 9096 9088 9077 9075 9058 9038 9014 9002 8978 8975 8961 8950 8921 8914 8908 8903 8893 8891 8886 8855 8838 8835 8830 8772 8770 8759 8745 8744 8743 8711 8700 8664 8645 8642 8640 8636 8615 8601 8597 8586 8571 8570 8561 8530 8522 8494 8483 8477 8475 8463 8452 8431 8426 8421 8384 8371 8338 8333 8328 8322 8319 8286 8279 8278 8257 8255 8254 8252 8250 8231 8229 8228 8209 8168 8155 8146 8143 8107 8084 8076 8073 8071 8069 8055 8052 8046 8045 8040 8032 8020 8003 8000 7988 7980 7971 7945 7930 7923 7920 7868 7850 7828 7827 7820 7793 7785 7777 7772 7762 7757 7746 7741 7736 7731 7727 7719 7713 7696 7695 7679 7657 7641 7631 7613 7568 7548 7533 7524 7437 7434 7424 7419 7389 7385 7375 7365 7340 7325 7320 7298 7270 7254 7248 7244 7237 7230 7225 7210 7195 7191 7188 7173 7171 7165 7156 7131 7116 7112 7108 7096 7063 7032 7026 7020 7004 7001 6997 6985 6966 6908 6903 6859 6853 6832 6821 6777 6774 6742 6730 6723 6716 6711 6707 6705 6694 6670 6613 6607 6586 6577 6565 6564 6546 6503 6492 6478 6475 6441 6430 6412 6381 6378 6365 6361 6359 6358 6337 6330 6306 6267 6255 6229 6191 6177 6176 6158 6127 6111 6108 6105 6093 6078 6048 6036 5991 5985 5950 5948 5922 5918 5917 5914 5883 5864 5842 5841 5825 5824 5816 5799 5753 5746 5737 5721 5716 5715 5702 5701 5700 5694 5683 5680 5651 5639 5630 5617 5611 5580 5557 5413 5401 5375 5368 5361 5358 5340 5331 5301 5283 5280 5276 5231 5211 5195 5194 5186 5156 5154 5131 5126 5040 5037 5033 5020 5016 4993 4978 4949 4944 4938 4846 4844 4841 4838 4799 4783 4780 4761 4734 4704 4699 4695 4684 4677 4674 4662 4652 4645 4596 4594 4590 4583 4580 4558 4550 4544 4521 4506 4499 4490 4484 4479 4453 4444 4435 4432 4430 4429 4411 4402 4387 4360 4337 4325 4310 4298 4296 4286 4283 4278 4276 4269 4257 4244 4208 4204 4193 4191 4187 4186 4153 4137 4131 4116 4089 4081 4077 4066 4052 4045 4041 4033 4015 3999 3990 3980 3942 3932 3909 3871 3859 3852 3836 3817 3816 3813 3807 3796 3792 3778 3755 3744 3738 3730 3720 3719 3718 3699 3679 3676 3666 3662 3656 3655 3653 3649 3647 3639 3621 3531 3496 3474 3473 3458 3425 3415 3398 3388 3367 3311 3251 3242 3231 3224 3217 3160 3153 3147 3137 3099 3096 3092 3074 3051 3039 3022 3008 2990 2984 2956 2944 2939 2927 2897 2889 2886 2850 2838 2790 2781 2736 2711 2709 2675 2674 2658 2654 2646 2629 2616 2609 2605 2530 2520 2511 2494 2488 2483 2482 2474 2435 2415 2397 2386 2384 2374 2370 2354 2343 2336 2330 2325 2322 2310 2307 2287 2266 2257 2213 2212 2208 2205 2181 2169 2162 2155 2152 2119 2115 2101 2092 2057 2055 2042 2037 2036 2034 2028 2019 2015 1995 1989 1969 1953 1911 1893 1872 1869 1867 1856 1855 1841 1838 1835 1813 1737 1722 1706 1704 1673 1665 1661 1648 1647 1635 1634 1596 1588 1586 1570 1561 1557 1540 1528 1526 1518 1488 1483 1471 1465 1460 1458 1454 1452 1438 1427 1403 1369 1360 1336 1319 1301 1299 1281 1256 1243 1241 1228 1227 1226 1192 1165 1156 1141 1116 1114 1097 1091 1090 1086 1062 1055 1029 1019 1014 1011 1006 995 985 972 968 966 961 958 945 939 924 891 879 851 841 832 787 758 751 746 690 677 675 666 636 635 633 617 599 596 594 585 580 576 559 545 536 534 521 515 496 478 468 464 443 405 402 391 387 375 335 301 275 271 253 233 219 206 185 101 94 82 76 71 44 0
q: 13970 13953 13948 13942 13940 13892 13891 13887 13862 13797 13745 13739 13724 13707 13703 13695 13693 13687 13652 13643 13608 13577 13573 13561 13557 13553 13520 13515 13492 13477 13428 13408 13405 13336 13332 13327 13315 13295 13276 13262 13233 13216 13203 13173 13121 13116 13103 13094 13085 12998 12985 12967 12949 12892 12883 12876 12836 12835 12821 12780 12774 12747 12742 12719 12709 12707 12696 12684 12670 12650 12643 12632 12601 12589 12560 12542 12532 12517 12512 12470 12440 12437 12421 12415 12406 12399 12388 12379 12371 12344 12340 12297 12239 12231 12218 12181 12173 12159 12127 12102 12092 12088 12046 12032 12026 12017 11970 11950 11928 11908 11886 11856 11794 11784 11767 11765 11757 11699 11692 11683 11669 11659 11646 11615 11607 11596 11585 11538 11534 11515 11501 11487 11474 11467 11459 11454 11400 11387 11324 11315 11310 11303 11300 11296 11287 11271 11267 11245 11212 11211 11198 11189 11180 11173 11160 11146 11128 11115 11090 11080 11031 11011 10986 10964 10950 10937 10901 10884 10876 10872 10838 10814 10802 10749 10743 10735 10732 10721 10715 10680 10654 10633 10619 10612 10595 10570 10551 10546 10490 10457 10447 10413 10407 10391 10378 10377 10347 10310 10286 10275 10247 10241 10223 10205 10191 10172 10139 10138 10111 10100 10075 10071 10065 10057 10040 10036 9973 9971 9945 9928 9910 9898 9875 9847 9822 9818 9815 9803 9791 9779 9714 9694 9685 9679 9668 9664 9646 9585 9531 9514 9479 9444 9438 9429 9396 9385 9370 9362 9359 9349 9345 9340 9331 9323 9318 9308 9296 9263 9249 9242 9239 9226 9214 9189 9162 9159 9145 9124 9120 9083 9034 9032 9012 8998 8979 8933 8926 8919 8889 8809 8795 8789 8783 8746 8729 8705 8650 8603 8600 8585 8576 8567 8560 8553 8524 8521 8469 8443 8437 8428 8366 8354 8313 8304 8292 8281 8276 8267 8244 8239 8236 8233 8214 8193 8190 8158 8152 8144 8123 8112 8105 8099 8083 8063 8012 7996 7973 7954 7896 7885 7879 7835 7829 7799 7782 7773 7764 7745 7733 7722 7712 7703 7684 7683 7677 7670 7661 7636 7609 7582 7564 7544 7540 7535 7528 7517 7491 7488 7474 7467 7456 7449 7444 7443 7439 7363 7348 7327 7317 7314 7307 7301 7297 7287 7238 7215 7202 7186 7181 7169 7158 7143 7106 7094 7022 7010 7005 7002 6998 6976 6968 6937 6913 6885 6860 6850 6838 6826 6818 6808 6792 6785 6778 6770 6733 6717 6696 6673 6651 6646 6641 6636 6633 6611 6572 6556 6549 6529 6519 6516 6504 6487 6459 6443 6421 6415 6413 6409 6402 6393 6374 6370 6357 6326 6320 6309 6270 6248 6240 6235 6226 6190 6164 6160 6143 6138 6128 6102 6086 6064 6050 6034 6027 6020 6006 5980 5962 5953 5919 5874 5857 5805 5784 5776 5761 5759 5758 5745 5726 5674 5634 5628 5613 5607 5518 5501 5478 5459 5452 5439 5428 5418 5407 5356 5328 5324 5309 5308 5302 5294 5284 5275 5267 5254 5238 5235 5216 5212 5139 5103 5071 5053 5022 5012 5006 5002 4984 4966 4961 4954 4930 4929 4913 4906 4893 4885 4874 4781 4765 4740 4670 4659 4656 4629 4621 4606 4600 4546 4540 4532 4514 4482 4440 4425 4416 4408 4398 4385 4370 4361 4347 4333 4321 4305 4299 4295 4290 4282 4271 4250 4238 4228 4225 4205 4188 4176 4155 4150 4140 4129 4125 4122 4118 4114 4108 4057 4044 3969 3962 3931 3896 3885 3878 3869 3855 3841 3833 3799 3790 3771 3722 3716 3675 3663 3638 3631 3617 3577 3550 3526 3512 3505 3501 3499 3488 3469 3456 3448 3432 3422 3411 3397 3351 3326 3315 3285 3213 3170 3168 3161 3150 3119 3113 3109 3104 3098 3091 3081 3069 3063 3034 3026 2999 2991 2981 2964 2948 2938 2934 2933 2913 2912 2908 2869 2860 2859 2828 2809 2777 2767 2760 2754 2717 2662 2625 2600 2574 2567 2550 2411 2405 2391 2385 2376 2351 2349 2326 2305 2285 2229 2218 2197 2179 2139 2128 2097 2079 2061 2041 2003 1936 1924 1901 1890 1874 1871 1860 1839 1837 1833 1807 1791 1780 1745 1712 1701 1690 1667 1646 1636 1618 1611 1600 1594 1589 1584 1579 1553 1544 1520 1516 1489 1473 1415 1400 1374 1349 1327 1304 1283 1280 1239 1223 1216 1204 1200 1169 1133 1122 1080 1066 1052 1030 1025 950 925 868 839 803 791 781 754 748 741 714 700 696 685 670 643 628 610 590 586 567 529 525 518 505 494 472 453 417 380 362 351 291 280 278 258 234 220 213 180 124
r: 16803 16765 16728 16716 16694 16680 16642 16482 16382 16370 16322 16195 16086 16084 16082 16067 16055 16047 16026 16023 16017 15994 15985 15979 15960 15958 15954 15939 15937 15935 15875 15825 15823 15807 15735 15637 15630 15618 15608 15570 15565 15548 15528 15489 15488 15482 15464 15453 15406 15385 15325 15195 15160 15059 15034 14964 14954 14879 14877 14858 14704 14699 14678 14516 14493 14444 14408 14392 14385 14314 14302 14293 14275 14272 14253 14236 14221 14187 14185 14144 14136 14107 13982 13965 13849 13819 13791 13777 13760 13736 13663 13607 13590 13543 13531 13526 13496 13450 13444 13402 13394 13376 13312 13300 13256 13247 13213 13204 13195 13187 13144 13129 13045 13015 12982 12932 12919 12825 12820 12784 12710 12610 12594 12565 12527 12478 12467 12353 12310 12262 12254 12109 12079 12013 11979 11965 11956 11951 11905 11891 11874 11867 11855 11724 11685 11643 11629 11620 11593 11563 11511 11463 11434 11421 11376 11226 11122 11079 11066 11039 10988 10979 10941 10889 10765 10610 10534 10511 10463 10434 10421 10350 10341 10274 10257 10234 10211 10183 10166 9930 9882 9879 9723 9540 9523 9490 9481 9466 9446 9440 9379 9347 9274 9237 9212 9192 9167 9151 9107 9089 9068 9056 8966 8922 8869 8797 8666 8649 8550 8430 8373 8357 8342 8245 8237 8204 8021 8017 7948 7774 7758 7711 7599 7525 7485 7482 7431 7352 7342 7153 7120 7066 6996 6993 6896 6891 6879 6847 6623 6598 6510 6276 6234 6219 6169 6163 6005 5939 5858 5838 5807 5752 5682 5663 5598 5537 5528 5464 5458 5408 5398 5201 5159 5102 5045 4911 4897 4853 4821 4779 4717 4564 4504 4498 4495 4442 4417 4312 4291 4209 4128 4018 3997 3992 3812 3804 3788 3594 3543 3519 3445 3386 3343 3319 3300 3257 3193 3182 3178 3156 3139 3078 2968 2926 2900 2885 2841 2712 2633 2632 2587 2584 2569 2537 2493 2480 2440 2430 2402 2382 2375 2269 2211 2190 2180 2148 2121 1928 1896 1883 1844 1820 1817 1767 1710 1679 1676 1573 1555 1364 1354 1315 1282 1101 1065 1056 1037 943 873 848 836 738 718 716 698 667 656 648 622 542 506 504 474 450 426 413 350 298 293 283 267 265 242 205 192 164 150 84 63 37 27
s: 16989 16961 16956 16950 16946 16910 16902 16882 16862 16851 16815 16814 16812 16808 16797 16779 16778 16764 16757 16754 16745 16739 16734 16720 16692 16688 16667 16655 16617 16615 16612 16594 16575 16552 16538 16528 16516 16483 16478 16471 16442 16431 16430 16402 16358 16312 16300 16191 16179 16165 16158 16148 16124 16123 16087 16058 16044 15971 15931 15878 15768 15764 15718 15715 15682 15566 15550 15511 15509 15498 15496 15491 15349 15294 15211 15210 15080 15024 14886 14872 14862 14819 14810 14775 14764 14726 14712 14672 14664 14651 14608 14571 14506 14378 14304 14295 14266 14237 14188 14186 14178 14165 14160 14112 14085 14043 14041 14038 14036 13943 13941 13939 13921 13914 13825 13823 13800 13796 13779 13761 13734 13730 13713 13699 13684 13666 13662 13660 13638 13625 13610 13603 13599 13591 13554 13532 13501 13498 13485 13446 13434 13424 13416 13403 13346 13339 13328 13324 13309 13303 13278 13269 13268 13254 13253 13212 13199 13193 13192 13186 13184 13180 13178 13177 13161 13150 13148 13139 13117 13113 13100 13071 13062 13061 13052 13022 13007 12996 12992 12989 12962 12959 12951 12950 12935 12930 12913 12909 12872 12869 12860 12855 12853 12851 12845 12837 12809 12795 12777 12769 12765 12750 12706 12689 12682 12673 12669 12658 12626 12612 12564 12556 12526 12507 12502 12496 12489 12468 12462 12444 12430 12427 12403 12387 12384 12366 12352 12316 12305 12284 12274 12252 12249 12245 12232 12189 12187 12180 12150 12140 12139 12130 12115 12098 12087 12080 12055 12048 12031 12019 12009 12005 11977 11952 11941 11935 11915 11875 11844 11830 11822 11813 11812 11793 11791 11788 11773 11731 11723 11715 11694 11691 11687 11604 11595 11575 11572 11566 11532 11531 11529 11520 11513 11504 11492 11489 11482 11389 11384 11381 11380 11365 11349 11337 11335 11332 11331 11329 11309 11304 11278 11261 11246 11235 11206 11202 11193 11183 11179 11172 11168 11167 11147 11132 11117 11109 11104 11096 11052 11042 11038 11036 11022 11018 11013 10967 10957 10952 10893 10881 10840 10805 10796 10794 10790 10740 10739 10723 10684 10656 10647 10644 10613 10603 10597 10588 10581 10573 10553 10538 10494 10493 10488 10482 10456 10451 10445 10432 10427 10416 10396 10379 10376 10370 10357 10353 10312 10311 10290 10287 10252 10246 10230 10226 10224 10219 10176 10158 10153 10132 10118 10101 10098 10091 10082 10073 10037 10001 9976 9949 9936 9911 9895 9886 9877 9874 9861 9846 9844 9839 9828 9810 9797 9787 9784 9763 9754 9740 9739 9733 9721 9680 9658 9647 9633 9618 9580 9559 9534 9507 9478 9467 9459 9457 9437 9434 9397 9395 9392 9389 9378 9375 9343 9335 9254 9201 9197 9193 9182 9157 9155 9134 9125 9114 9112 9098 9085 9071 9036 9000 8987 8946 8943 8932 8911 8898 8883 8851 8841 8834 8819 8799 8741 8733 8720 8707 8702 8693 8678 8676 8674 8663 8654 8648 8643 8641 8634 8616 8611 8608 8593 8580 8579 8552 8533 8525 8497 8491 8479 8449 8441 8435 8432 8415 8413 8404 8344 8331 8329 8305 8303 8299 8296 8256 8210 8181 8169 8150 8147 8137 8135 8126 8116 8102 8098 8061 8007 7976 7961 7942 7938 7931 7922 7905 7882 7852 7840 7798 7763 7755 7735 7717 7706 7701 7698 7688 7629 7626 7591 7574 7570 7537 7529 7500 7493 7490 7445 7441 7433 7423 7401 7336 7323 7318 7304 7299 7295 7291 7284 7280 7268 7252 7250 7249 7247 7228 7223 7213 7205 7194 7183 7166 7160 7148 7138 7125 7095 7084 7031 7023 7018 7015 7011 7003 6991 6989 6983 6960 6927 6909 6905 6878 6869 6851 6848 6843 6828 6784 6775 6766 6745 6740 6722 6715 6703 6695 6692 6691 6684 6682 6678 6659 6652 6650 6640 6635 6618 6616 6575 6567 6539 6534 6514 6500 6496 6490 6481 6471 6466 6458 6429 6428 6423 6418 6405 6404 6391 6385 6376 6373 6350 6340 6329 6318 6288 6275 6272 6245 6222 6203 6195 6178 6171 6152 6122 6121 6117 6114 6112 6100 6097 6092 6089 6070 6019 6002 5958 5956 5938 5900 5884 5877 5869 5828 5809 5803 5801 5796 5791 5782 5775 5774 5770 5760 5751 5744 5690 5671 5641 5636 5629 5596 5584 5582 5577 5566 5554 5552 5551 5535 5527 5519 5514 5505 5497 5493 5489 5481 5465 5462 5455 5449 5445 5427 5365 5350 5342 5338 5336 5332 5297 5296 5288 5262 5253 5247 5245 5223 5221 5203 5193 5188 5184 5165 5162 5149 5147 5134 5116 5111 5095 5094 5092 5065 5061 5043 5039 5013 5007 5004 4994 4986 4985 4983 4975 4970 4967 4960 4951 4948 4920 4917 4899 4896 4894 4882 4872 4862 4848 4832 4815 4810 4807 4793 4792 4770 4750 4748 4746 4741 4738 4731 4729 4725 4701 4698 4690 4676 4669 4618 4617 4607 4605 4578 4575 4572 4567 4566 4565 4563 4561 4560 4536 4525 4494 4488 4487 4486 4483 4468 4463 4449 4420 4409 4403 4399 4393 4386 4383 4376 4369 4364 4358 4309 4261 4239 4233 4220 4219 4206 4192 4163 4147 4146 4135 4106 4105 4064 4061 4012 4009 3985 3973 3966 3961 3956 3943 3933 3925 3913 3904 3892 3883 3857 3835 3832 3819 3801 3779 3761 3758 3727 3700 3694 3683 3680 3673 3669 3668 3646 3644 3641 3636 3633 3604 3600 3596 3588 3576 3475 3447 3437 3423 3421 3414 3399 3357 3344 3339 3321 3316 3307 3290 3281 3280 3277 3258 3248 3245 3216 3205 3204 3196 3187 3142 3141 3133 3125 3122 3121 3095 3090 3080 3076 3066 3049 3045 3038 3033 3031 3020 3017 3016 2989 2971 2962 2922 2919 2906 2901 2894 2884 2882 2868 2861 2852 2845 2831 2825 2810 2803 2797 2793 2771 2769 2751 2750 2742 2728 2726 2706 2691 2684 2678 2676 2670 2667 2581 2580 2547 2504 2497 2484 2476 2436 2432 2395 2350 2340 2316 2313 2296 2276 2233 2225 2192 2189 2178 2157 2146 2129 2100 2099 2072 2068 2060 2035 2030 2010 2001 1980 1972 1965 1962 1958 1955 1941 1938 1929 1920 1914 1887 1866 1863 1849 1810 1800 1764 1758 1716 1715 1694 1689 1672 1651 1627 1601 1595 1578 1525 1514 1482 1474 1439 1429 1425 1402 1378 1373 1335 1326 1325 1322 1314 1287 1275 1270 1231 1221 1215 1198 1196 1194 1191 1189 1188 1185 1170 1160 1154 1152 1126 1110 1109 1102 1095 1081 1076 1068 1058 1054 1053 1050 1047 1027 1016 1009 997 984 978 967 965 962 959 951 936 926 917 913 908 894 887 875 866 862 826 770 763 755 750 749 742 728 725 722 705 693 683 679 671 618 615 607 603 587 551 549 532 530 520 517 489 483 482 423 418 409 396 392 390 379 364 355 320 304 269 264 261 214 212 199 198 89 73
t: 16994 16990 16988 16980 16973 16972 16969 16959 16953 16930 16922 16878 16868 16865 16846 16818 16806 16800 16799 16785 16763 16738 16733 16715 16709 16700 16690 16678 16675 16671 16669 16665 16663 16658 16646 16635 16627 16620 16600 16599 16572 16564 16539 16518 16506 16505 16503 16496 16495 16489 16484 16480 16476 16470 16467 16452 16446 16436 16416 16412 16399 16391 16387 16377 16376 16369 16365 16363 16359 16340 16324 16314 16304 16289 16276 16271 16264 16256 16236 16229 16216 16209 16208 16206 16202 16194 16189 16181 16177 16170 16168 16163 16161 16160 16157 16154 16151 16140 16134 16113 16096 16092 16080 16075 16073 16057 16048 16046 16040 16036 16030 16027 16014 16009 16005 16001 15995 15986 15980 15976 15975 15962 15947 15928 15911 15905 15899 15898 15896 15895 15888 15871 15859 15854 15842 15839 15836 15830 15820 15802 15779 15773 15761 15757 15750 15745 15737 15731 15712 15710 15707 15704 15695 15685 15680 15679 15662 15649 15647 15639 15631 15624 15591 15576 15569 15558 15556 15555 15554 15549 15517 15516 15507 15500 15499 15487 15483 15458 15457 15455 15451 15446 15443 15440 15439 15435 15434 15430 15425 15417 15411 15401 15393 15361 15343 15327 15306 15305 15289 15284 15275 15262 15238 15235 15227 15225 15223 15222 15209 15203 15196 15177 15168 15166 15161 15151 15148 15143 15140 15131 15130 15126 15122 15119 15114 15101 15098 15078 15075 15072 15069 15063 15058 15051 15042 15038 15022 15019 15012 15009 15002 14993 14976 14970 14968 14967 14942 14938 14924 14916 14896 14895 14890 14884 14880 14870 14860 14854 14846 14832 14830 14829 14828 14821 14817 14799 14786 14782 14763 14760 14756 14754 14753 14746 14740 14736 14734 14733 14721 14713 14709 14700 14693 14679 14670 14662 14658 14649 14645 14641 14637 14628 14613 14603 14595 14593 14592 14580 14575 14569 14567 14565 14551 14550 14546 14544 14542 14541 14537 14517 14503 14499 14495 14487 14485 14484 14480 14469 14437 14435 14434 14430 14418 14416 14415 14411 14405 14398 14381 14372 14365 14363 14362 14358 14352 14341 14331 14325 14323 14321 14315 14308 14298 14297 14296 14276 14260 14252 14248 14232 14222 14216 14211 14209 14201 14198 14193 14191 14176 14166 14163 14154 14146 14137 14118 14114 14092 14083 14075 13996 13981 13937 13930 13894 13859 13846 13832 13831 13824 13798 13782 13769 13748 13729 13691 13682 13675 13637 13613 13604 13598 13584 13579 13572 13551 13538 13508 13439 13417 13398 13391 13317 13308 13265 13181 13146 13131 13114 13108 13105 13060 13056 13040 13034 12969 12954 12914 12898 12891 12889 12797 12758 12748 12732 12722 12685 12664 12642 12638 12634 12568 12544 12501 12494 12483 12480 12469 12465 12453 12449 12447 12443 12398 12345 12335 12280 12226 12220 12211 12164 12142 12134 12076 12064 12044 12043 12041 12040 12011 12010 11900 11858 11780 11766 11738 11720 11706 11584 11568 11564 11460 11437 11377 11353 11333 11326 11291 11241 11209 11199 11191 11176 11097 11072 11010 10948 10903 10902 10846 10824 10820 10803 10756 10755 10745 10717 10702 10675 10670 10666 10662 10658 10629 10596 10567 10443 10430 10398 10387 10384 10362 10349 10268 10265 10255 10254 10250 10228 10209 10194 10184 10147 10120 10107 10068 10058 10038 10034 10019 10003 9934 9931 9800 9798 9695 9627 9620 9592 9590 9537 9536 9533 9516 9492 9463 9454 9352 9350 9346 9326 9312 9304 9292 9258 9228 9191 9163 9149 9148 9101 9087 9072 9066 9061 9054 9052 9043 8957 8913 8895 8879 8877 8859 8822 8818 8815 8773 8757 8704 8701 8699 8698 8695 8692 8690 8686 8655 8623 8612 8607 8604 8598 8596 8595 8592 8581 8542 8528 8510 8504 8468 8434 8416 8406 8368 8361 8358 8356 8351 8345 8334 8324 8321 8314 8297 8295 8289 8287 8249 8240 8235 8219 8205 8202 8188 8185 8161 8159 8121 8074 8037 8031 7999 7989 7982 7968 7965 7960 7950 7944 7918 7916 7914 7909 7890 7884 7870 7869 7860 7845 7837 7836 7825 7795 7775 7766 7765 7752 7723 7716 7694 7693 7692 7678 7664 7646 7643 7632 7616 7605 7601 7592 7586 7578 7572 7567 7565 7563 7559 7550 7541 7534 7532 7530 7522 7515 7509 7506 7502 7499 7492 7468 7435 7430 7420 7417 7412 7404 7396 7392 7374 7372 7315 7302 7285 7283 7214 7204 7176 7174 7162 7152 7136 7082 7078 7075 7059 7054 7038 7012 6964 6923 6882 6856 6852 6810 6793 6779 6769 6738 6727 6713 6708 6637 6610 6590 6579 6555 6537 6535 6480 6472 6469 6444 6432 6427 6416 6411 6403 6395 6362 6352 6341 6319 6305 6298 6283 6268 6236 6218 6212 6202 6186 6170 6161 6139 6124 6106 6079 6067 6059 5931 5916 5913 5911 5891 5886 5854 5853 5812 5778 5743 5738 5727 5711 5706 5693 5685 5676 5672 5627 5603 5586 5559 5531 5504 5500 5436 5411 5409 5387 5382 5371 5366 5269 5261 5236 5206 5191 5177 5172 5150 5142 5141 5125 5100 5088 5072 5014 4968 4956 4946 4903 4867 4864 4828 4827 4796 4772 4755 4735 4733 4626 4584 4568 4541 4537 4448 4436 4413 4395 4366 4353 4336 4300 4293 4285 4280 4273 4237 4221 4149 4126 4068 4042 4014 3948 3901 3876 3866 3843 3827 3810 3780 3743 3739 3737 3704 3573 3553 3545 3533 3510 3493 3483 3471 3470 3450 3443 3407 3392 3379 3371 3354 3294 3278 3260 3238 3233 3172 3154 3101 3093 3048 2986 2942 2921 2915 2871 2867 2854 2836 2816 2811 2788 2779 2775 2744 2741 2718 2714 2680 2651 2649 2613 2560 2557 2518 2512 2485 2465 2421 2389 2361 2345 2327 2308 2274 2264 2240 2235 2231 2206 2202 2183 2172 2160 2144 2122 2117 2111 2107 2058 2043 2011 1987 1986 1932 1906 1848 1827 1826 1805 1798 1794 1776 1770 1748 1747 1742 1682 1626 1604 1571 1538 1509 1436 1418 1410 1377 1359 1248 1247 1224 1112 1073 1003 981 942 940 874 871 858 840 821 710 654 629 612 604 588 575 553 546 509 465 354 331 276 207 202 167 121 119 117 95 91 75 55 49 43 41 40 15 11
u: 16924 16923 16809 16807 16782 16773 16713 16697 16691 16609 16563 16555 16511 16466 16184 15904 15853 15586 15568 15535 15454 15429 15424 15418 15372 15324 15307 15282 15245 15156 15105 15070 15023 14966 14943 14874 14871 14818 14671 14663 14650 14522 14442 14409 14394 14383 14338 14320 14259 14234 14227 14195 14177 14159 14133 13966 13926 13916 13911 13876 13872 13869 13865 13837 13833 13828 13784 13709 13658 13640 13588 13581 13567 13540 13527 13524 13522 13509 13472 13455 13449 13443 13387 13384 13360 13319 13311 13297 13292 13286 13260 13101 13099 13039 13036 13013 12946 12940 12918 12890 12879 12874 12834 12827 12816 12740 12694 12622 12614 12590 12581 12570 12510 12466 12461 12459 12413 12409 12347 12324 12264 12250 12244 12235 12215 12212 12209 12177 12169 12053 12051 12008 11964 11953 11948 11911 11882 11869 11859 11838 11823 11814 11809 11803 11795 11782 11761 11737 11726 11700 11690 11667 11648 11616 11582 11522 11490 11469 11446 11433 11428 11417 11346 11285 11281 11253 11249 11238 11187 11141 11137 11133 11121 11107 11068 10984 10981 10919 10906 10862 10825 10791 10772 10751 10741 10726 10722 10701 10672 10668 10606 10498 10452 10423 10414 10393 10366 10359 10291 10177 10174 10149 10144 10142 10109 10077 10063 9993 9987 9921 9902 9894 9888 9757 9752 9749 9744 9743 9656 9642 9542 9477 9476 9449 9436 9415 9407 9401 9366 9341 9313 9281 9252 9224 9174 9169 9081 9063 9053 9047 9027 8953 8931 8928 8907 8897 8892 8868 8839 8804 8750 8731 8717 8668 8656 8627 8610 8574 8505 8442 8381 8362 8306 8285 8270 8189 8179 8103 8078 8051 7963 7873 7761 7747 7734 7718 7700 7697 7690 7672 7561 7553 7526 7447 7442 7428 7406 7380 7344 7308 7275 7192 7184 7179 7132 7114 7110 7101 6928 6920 6890 6868 6833 6813 6776 6767 6724 6666 6631 6617 6609 6584 6569 6563 6545 6541 6483 6422 6407 6400 6383 6372 6367 6364 6315 6292 6265 6233 6192 6188 6180 6123 6103 6071 6052 5966 5915 5899 5880 5855 5840 5806 5757 5723 5720 5713 5667 5657 5608 5572 5534 5483 5472 5457 5450 5447 5415 5393 5384 5376 5363 5278 5270 5252 5228 5224 5169 5143 5124 5105 5096 5075 5046 5018 5015 4996 4982 4974 4915 4910 4855 4847 4825 4797 4777 4760 4726 4692 4653 4638 4548 4520 4489 4465 4462 4406 4365 4314 4297 4287 4275 4260 4246 4200 4180 4172 4167 4162 4151 4090 4076 4051 4029 4016 3965 3893 3837 3781 3764 3690 3677 3672 3670 3650 3627 3587 3582 3394 3361 3295 3279 3271 3265 3262 3256 3195 3184 3166 3155 3126 3116 3052 3024 3011 2995 2975 2957 2925 2899 2865 2782 2774 2740 2687 2672 2669 2666 2653 2644 2639 2634 2622 2618 2598 2572 2562 2519 2508 2471 2446 2416 2396 2372 2367 2342 2317 2309 2261 2244 2214 2191 2184 2158 2154 2151 2149 2126 2094 2050 2039 1993 1975 1967 1922 1907 1796 1757 1730 1725 1719 1714 1683 1655 1644 1632 1616 1609 1602 1577 1575 1565 1556 1546 1542 1536 1532 1530 1524 1485 1479 1457 1451 1391 1368 1346 1334 1320 1278 1265 1261 1254 1230 1213 1212 1131 1106 1103 1100 1020 1015 994 974 948 941 932 911 904 890 880 878 870 823 773 730 720 655 608 562 523 501 491 479 440 435 383 376 361 356 308 274 191 187 176 39 16
v: 16901 16849 16746 16534 16361 16355 16345 16326 16233 16193 16153 15798 15725 15362 15333 15286 15277 14934 14255 14098 14031 14029 13964 13950 13949 13923 13867 13838 13712 13700 13646 13622 13550 13528 13504 13478 13421 13414 13397 13367 13363 13307 13273 13217 13200 13149 13097 13093 13090 13049 13033 13031 13002 12991 12923 12902 12884 12877 12841 12826 12822 12807 12802 12800 12757 12738 12692 12683 12598 12585 12558 12545 12513 12505 12484 12432 12337 12323 12300 12282 12266 12248 12242 12175 12126 12124 12106 12082 12075 12062 12015 11983 11930 11880 11827 11820 11807 11806 11799 11781 11778 11772 11740 11712 11682 11657 11633 11553 11502 11410 11409 11393 11338 11257 11197 11086 11073 11055 10997 10985 10968 10966 10922 10907 10874 10834 10776 10710 10674 10649 10638 10607 10558 10527 10475 10473 10466 10454 10323 10295 10256 10165 10122 10103 10064 10041 10028 10021 10017 9981 9946 9857 9780 9758 9747 9746 9687 9678 9645 9639 9629 9624 9579 9547 9512 9442 9413 9398 9261 9222 9144 9140 9122 9106 9010 8956 8917 8884 8878 8829 8823 8801 8794 8767 8735 8730 8694 8632 8621 8589 8568 8529 8503 8478 8462 8450 8448 8447 8386 8359 8307 8265 8241 8200 8196 8182 8162 8140 8139 8125 8117 8101 8068 8050 8029 7987 7983 7874 7871 7843 7838 7768 7707 7687 7633 7560 7440 7345 7337 7224 7180 7123 7040 7035 7008 6943 6936 6924 6795 6794 6791 6701 6656 6568 6501 6491 6477 6470 6417 6397 6252 6227 6196 6162 6159 6095 6049 6026 6000 5976 5959 5927 5847 5813 5643 5621 5605 5588 5530 5510 5424 5400 5390 5377 5369 5322 5264 5255 5242 5173 5148 5120 5086 5058 5030 5005 4976 4950 4924 4908 4863 4849 4795 4788 4786 4775 4742 4681 4654 4639 4624 4610 4601 4555 4516 4480 4475 4460 4422 4407 4318 4234 4213 4159 4119 4098 4065 4056 4046 4004 3984 3970 3921 3888 3831 3818 3795 3785 3757 3734 3691 3688 3684 3658 3620 3534 3521 3498 3395 3393 3327 3254 3198 3185 3082 3073 2960 2839 2835 2765 2727 2702 2688 2593 2552 2539 2526 2478 2475 2433 2380 2373 2366 2365 2335 2324 2306 2303 2294 2262 2247 2228 2193 2142 2138 2130 2114 2112 2095 2084 2054 2045 2033 1994 1976 1931 1917 1905 1864 1858 1806 1797 1783 1765 1760 1750 1731 1726 1681 1645 1643 1630 1617 1612 1610 1560 1502 1480 1476 1469 1428 1363 1347 1333 1306 1300 1252 1203 1178 1088 1040 987 920 867 854 831 790 727 719 681 631 583 477 437 408 397 285 240 182 125 122
w: 16960 16958 16951 16949 16939 16931 16915 16895 16883 16877 16864 16859 16850 16837 16821 16793 16783 16780 16766 16759 16758 16749 16748 16747 16729 16725 16724 16717 16714 16677 16668 16647 16634 16614 16613 16580 16574 16551 16441 16397 16381 16362 16352 16325 16319 16313 16293 16281 16266 16245 16235 16228 16225 16132 16114 16102 16099 16093 16070 16069 16049 16028 16011 16008 15999 15997 15987 15981 15973 15950 15949 15907 15882 15852 15813 15760 15755 15742 15692 15676 15672 15661 15657 15644 15640 15633 15626 15615 15603 15597 15577 15544 15540 15536 15476 15469 15422 15399 15375 15371 15328 15293 15270 15252 15239 15216 15206 15205 15198 15184 15182 15178 15169 15152 15139 15137 15127 15110 15097 15094 15073 15057 15052 15047 15041 15040 15025 15013 15006 14989 14981 14975 14955 14951 14923 14922 14915 14913 14911 14904 14887 14865 14853 14847 14843 14800 14798 14794 14788 14779 14777 14773 14766 14761 14752 14747 14745 14732 14729 14723 14711 14707 14694 14690 14673 14655 14639 14634 14607 14588 14584 14564 14562 14560 14555 14535 14532 14529 14528 14500 14474 14453 14402 14389 14377 14371 14360 14351 14350 14346 14342 14336 14322 14289 14271 14251 14208 14182 14179 14164 14147 14142 14135 14123 14100 100 54 48 28 24
x: 12308
y: 16887 16515 16424 16298 16267 16200 16097 16063 16042 16037 16025 16007 15998 15992 15984 15978 15966 15956 15942 15924 15912 15893 15872 15869 15860 15809 15687 15660 15642 15632 15599 15563 15538 15524 15485 15477 15432 15427 15414 15403 15381 15373 15296 15259 15232 15104 15053 15032 14956 14875 14824 14814 14795 14789 14774 14748 14710 14681 14666 14590 14581 14552 14501 14489 14476 14458 14455 14439 14426 14406 14403 14356 14317 14257 14240 14235 14229 14169 29
z: 11135 3127 2619
|: 14059 14057 14055 14053 14052 14050 14048 14046 14045 14040 14035 14033 14032 14030 14028 14026 14025 14022 14019 14017 14016 14014 14012 14010 14008 14006 14004 14003
